/content/gdrive/MyDrive/text detection/dataset/train/Annotations/ICDAR2015_Train_img_347.jpg 232,535,29,9,0 230,523,67,14,0 625,525,36,15,0 622,489,31,10,0 620,480,70,16,0 624,501,73,17,0 41,301,83,48,0 229,547,69,17,0 874,231,30,21,0 1113,273,19,16,0 1127,274,11,10,0 203,264,49,16,0
/content/gdrive/MyDrive/text detection/dataset/train/Annotations/ICDAR2015_Train_img_971.jpg 495,528,76,43,0 524,23,68,28,0 491,445,112,39,0 487,410,75,30,0 657,43,63,28,0 775,27,162,29,0 496,579,116,54,0 12,182,39,22,0 36,190,61,21,0 599,11,71,20,0 702,2,118,6,0 907,9,87,19,0
/content/gdrive/MyDrive/text detection/dataset/train/Annotations/ICDAR2015_Train_img_187.jpg 431,247,205,38,0 343,318,28,12,0 384,316,53,12,0 432,314,43,11,0 465,313,19,11,0 485,311,21,12,0 515,312,38,15,0
/content/gdrive/MyDrive/text detection/dataset/train/Annotations/ICDAR2015_Train_img_579.jpg 443,144,94,18,0 705,320,68,39,0 800,128,46,10,0 875,123,39,13,0
/content/gdrive/MyDrive/text detection/dataset/train/Annotations/ICDAR2015_Train_img_270.jpg 858,112,56,52,0 950,319,38,7,0 873,358,31,16,0 875,277,41,9,0 873,247,38,11,0 952,65,123,72,0 964,303,41,10,0 978,332,86,8,0 951,339,27,8,0 635,188,98,35,0 357,256,72,19,0 421,254,39,18,0 411,265,62,7,0
/content/gdrive/MyDrive/text detection/dataset/train/Annotations/ICDAR2015_Train_img_605.jpg 177,192,61,16,0 225,183,34,14,0 189,254,22,11,0 209,250,18,9,0 227,248,17,10,0 247,243,27,9,0 209,24,15,11,0 216,50,12,10,0 222,75,14,10,0 245,79,24,18,0 266,68,18,14,0 238,51,25,19,0 261,44,16,11,0 399,93,23,15,0 416,85,17,9,0 607,43,32,7,0 608,61,24,20,0 200,117,24,23,0 247,194,27,12,0 251,211,28,11,0 255,227,27,11,0 132,6,75,5,0 231,23,26,19,0 252,15,21,14,0
/content/gdrive/MyDrive/text detection/dataset/train/Annotations/ICDAR2015_Train_img_647.jpg 875,139,32,15,0 922,137,32,17,0 1207,139,60,11,0 732,670,55,53,0
/content/gdrive/MyDrive/text detection/dataset/train/Annotations/ICDAR2015_Train_img_435.jpg 233,137,41,16,0 121,151,32,11,0 874,43,86,16,0 943,144,51,18,0 1013,141,58,18,0 1079,135,58,20,0 1152,129,68,18,0 1233,121,71,21,0 956,180,30,12,0 1055,241,38,12,0 555,76,108,20,0 142,218,80,15,0 305,33,133,25,0 133,204,52,10,0 938,43,37,16,0 974,35,36,15,0 1060,18,36,13,0 482,108,22,9,0 485,131,29,11,0 485,143,29,11,0 148,230,51,10,0 124,249,15,9,0 145,239,31,8,0 173,230,25,8,0 132,256,20,11,0 164,243,49,10,0 528,107,34,12,0
/content/gdrive/MyDrive/text detection/dataset/train/Annotations/ICDAR2015_Train_img_117.jpg 517,396,42,37,0 352,374,62,21,0 472,370,42,18,0 489,452,65,18,0 548,446,46,15,0 477,412,63,47,0 360,398,61,14,0 615,561,31,13,0 289,502,46,16,0 288,522,27,17,0 288,542,52,22,0 118,138,127,21,0 297,137,45,20,0 297,156,43,15,0 295,176,40,20,0 593,324,36,8,0 350,168,51,11,0 349,180,46,12,0 345,196,43,14,0 333,570,31,14,0 339,588,42,17,0 490,516,63,12,0 483,555,51,7,0 520,556,128,8,0
/content/gdrive/MyDrive/text detection/dataset/train/Annotations/ICDAR2015_Train_img_988.jpg 849,118,82,44,0 919,59,102,55,0 993,10,65,20,0 984,385,121,44,0 449,121,177,55,0 1148,144,105,85,0 1150,204,101,29,0
/content/gdrive/MyDrive/text detection/dataset/train/Annotations/ICDAR2015_Train_img_104.jpg 1190,443,180,47,0 1197,504,163,45,0 1211,553,140,38,0 371,301,33,13,0
/content/gdrive/MyDrive/text detection/dataset/train/Annotations/ICDAR2015_Train_img_861.jpg 93,62,118,74,0 105,100,71,13,0 1095,35,122,14,0 1071,387,81,21,0 1148,385,68,24,0 1108,410,67,12,0 1079,425,78,13,0 1147,422,59,14,0 1111,436,92,10,0
/content/gdrive/MyDrive/text detection/dataset/train/Annotations/ICDAR2015_Train_img_31.jpg 810,133,144,54,0 703,140,37,33,0 800,522,55,13,0 925,571,45,14,0
/content/gdrive/MyDrive/text detection/dataset/train/Annotations/ICDAR2015_Train_img_928.jpg 404,309,35,15,0 407,330,30,20,0 492,584,25,23,0 526,592,40,23,0 580,553,38,23,0 523,537,81,23,0 364,541,35,12,0 572,605,50,29,0 368,554,44,15,0 356,573,21,19,0 379,575,26,16,0 378,597,34,22,0 358,674,47,12,0 359,660,35,13,0 363,691,26,14,0 541,569,91,25,0 340,698,21,15,0 860,489,57,16,0 855,507,85,20,0 826,520,42,24,0 868,537,40,25,0 742,170,50,24,0 742,200,52,30,0 742,234,51,30,0 693,64,68,25,0 692,90,65,27,0 352,325,42,14,0 347,343,25,22,0 343,374,28,26,0 732,563,27,19,0 402,281,41,12,0 404,292,31,13,0
/content/gdrive/MyDrive/text detection/dataset/train/Annotations/ICDAR2015_Train_img_495.jpg 69,55,44,19,0 112,66,46,20,0 322,186,116,28,0 307,219,76,39,0 398,164,50,31,0 608,238,40,14,0 577,179,27,13,0 24,39,47,23,0
/content/gdrive/MyDrive/text detection/dataset/train/Annotations/ICDAR2015_Train_img_145.jpg 1270,102,16,12,0 551,430,47,13,0 476,433,125,28,0 420,436,61,19,0 557,399,56,16,0 565,340,65,26,0 555,416,58,14,0 556,442,57,10,0 1254,27,49,22,0 1261,53,34,26,0 487,278,63,9,0 1262,79,32,17,0 1266,235,23,18,0 1193,242,52,12,0 288,102,24,10,0 292,94,16,9,0 291,79,24,12,0 578,351,23,10,0 537,366,15,8,0 536,375,16,9,0 538,384,15,8,0 1258,7,40,14,0
/content/gdrive/MyDrive/text detection/dataset/train/Annotations/ICDAR2015_Train_img_678.jpg 628,247,252,61,0 749,133,36,14,0 892,174,35,20,0 928,166,40,17,0 977,157,70,19,0 917,186,56,19,0 976,172,64,13,0 640,335,63,19,0 1039,81,22,10,0
/content/gdrive/MyDrive/text detection/dataset/train/Annotations/ICDAR2015_Train_img_468.jpg 139,280,56,21,0 90,146,55,34,0 1156,352,33,15,0 548,294,35,18,0 988,291,47,15,0 1099,229,53,15,0 1095,184,41,15,0 987,265,64,25,0 92,178,54,25,0 862,253,42,8,0 1004,456,32,24,0 598,257,38,31,0 116,262,66,13,0 859,238,49,16,0 862,266,24,13,0 985,247,37,10,0
/content/gdrive/MyDrive/text detection/dataset/train/Annotations/ICDAR2015_Train_img_926.jpg 317,68,103,43,0 400,113,82,36,0 458,145,45,29,0 494,160,28,28,0 519,173,28,26,0
/content/gdrive/MyDrive/text detection/dataset/train/Annotations/ICDAR2015_Train_img_976.jpg 691,322,57,16,0 691,342,43,17,0 789,324,64,14,0 788,344,50,15,0 760,256,15,8,0 788,254,47,20,0 667,262,16,7,0 690,259,41,18,0 532,266,41,14,0
/content/gdrive/MyDrive/text detection/dataset/train/Annotations/ICDAR2015_Train_img_945.jpg 591,57,28,13,0 1013,122,60,27,0 822,90,81,40,0 895,102,61,37,0 956,114,56,32,0 604,130,110,35,0 603,93,95,37,0 625,63,29,11,0 286,185,96,43,0 208,194,60,43,0 133,199,90,60,0 735,122,50,14,0 927,14,32,26,0 121,242,42,20,0
/content/gdrive/MyDrive/text detection/dataset/train/Annotations/ICDAR2015_Train_img_442.jpg 377,223,20,12,0 615,181,15,14,0 209,186,93,18,0 704,191,46,15,0 705,220,49,8,0 501,181,45,21,0 918,160,122,29,0 1116,26,86,12,0 705,212,74,10,0 338,210,10,9,0 346,211,10,8,0 594,178,23,11,0 1115,78,77,72,0 926,423,23,6,0 1035,454,12,10,0
/content/gdrive/MyDrive/text detection/dataset/train/Annotations/ICDAR2015_Train_img_940.jpg 511,101,125,74,0 614,148,91,55,0 681,176,54,44,0 467,148,112,42,0 545,172,48,33,0 595,188,55,29,0 649,205,52,24,0 694,216,44,23,0
/content/gdrive/MyDrive/text detection/dataset/train/Annotations/ICDAR2015_Train_img_189.jpg 1155,287,25,10,0 15,379,30,12,0 537,450,17,12,0 1137,241,29,26,0 1178,334,40,12,0 512,469,43,12,0 106,454,129,30,0 1158,298,25,10,0 1170,315,14,9,0 546,463,26,11,0 26,391,49,13,0 24,404,48,15,0
/content/gdrive/MyDrive/text detection/dataset/train/Annotations/ICDAR2015_Train_img_293.jpg 835,55,22,19,0 630,126,84,30,0 716,391,25,13,0 674,217,36,20,0 602,225,22,9,0 668,315,75,33,0 623,219,20,7,0 913,5,29,16,0 864,49,33,22,0 900,39,40,20,0 887,88,25,12,0 531,77,54,12,0 561,328,33,15,0 482,182,35,11,0
/content/gdrive/MyDrive/text detection/dataset/train/Annotations/ICDAR2015_Train_img_865.jpg 677,311,33,12,0 123,258,38,18,0 129,299,45,34,0 301,325,45,25,0 335,384,30,22,0 1074,363,113,26,0 1140,277,26,19,0 615,314,33,10,0 123,273,63,11,0 616,323,56,12,0 679,321,59,11,0 616,336,61,20,0 677,333,63,24,0 1026,347,39,17,0 990,604,26,25,0 993,631,28,26,0
/content/gdrive/MyDrive/text detection/dataset/train/Annotations/ICDAR2015_Train_img_436.jpg 334,146,66,31,0 341,193,104,32,0 447,172,108,33,0 390,218,125,24,0 320,262,38,30,0 385,245,74,21,0 456,225,57,25,0 340,283,57,20,0 397,266,61,19,0 460,249,63,20,0 323,480,59,17,0 373,449,54,14,0 426,423,51,18,0 474,405,46,16,0 482,516,61,8,0 382,593,88,13,0 438,596,106,13,0 547,182,10,9,0 547,256,12,9,0 640,333,11,5,0 671,328,9,8,0 710,322,11,8,0 396,654,46,8,0
/content/gdrive/MyDrive/text detection/dataset/train/Annotations/ICDAR2015_Train_img_674.jpg 662,222,85,24,0 752,195,92,25,0
/content/gdrive/MyDrive/text detection/dataset/train/Annotations/ICDAR2015_Train_img_152.jpg 145,368,13,9,0 162,366,19,9,0 157,349,19,15,0 194,345,53,22,0 280,304,27,11,0 124,351,47,19,0 54,373,25,10,0 69,355,58,22,0 72,372,10,8,0 88,372,20,8,0 118,369,40,11,0 181,365,17,10,0 206,363,30,10,0 268,450,65,12,0 793,376,36,9,0 771,370,20,8,0 801,366,36,8,0 836,310,18,9,0 856,309,18,9,0 881,307,31,9,0 905,305,18,9,0
/content/gdrive/MyDrive/text detection/dataset/train/Annotations/ICDAR2015_Train_img_296.jpg 1126,202,29,16,0 1128,232,58,13,0 504,234,57,21,0 543,231,22,20,0 581,228,56,21,0 405,244,106,27,0 624,156,29,12,0 1199,261,185,15,0 446,393,177,63,0 671,242,117,9,0 1128,243,37,11,0 104,132,49,36,0 1168,20,128,23,0 41,129,80,35,0 1129,483,71,19,0 1078,474,74,16,0 672,251,119,8,0 675,291,72,68,0 657,162,14,7,0 680,435,117,27,0
/content/gdrive/MyDrive/text detection/dataset/train/Annotations/ICDAR2015_Train_img_357.jpg 189,109,141,39,0 101,107,35,27,0 572,147,110,25,0 40,96,78,34,0 344,181,128,21,0
/content/gdrive/MyDrive/text detection/dataset/train/Annotations/ICDAR2015_Train_img_298.jpg 148,29,57,54,0 221,30,93,50,0 208,80,158,47,0 359,596,133,41,0 708,50,59,26,0 674,52,18,15,0 685,100,122,13,0 689,114,120,14,0
/content/gdrive/MyDrive/text detection/dataset/train/Annotations/ICDAR2015_Train_img_469.jpg 635,112,64,25,0 725,104,106,27,0
/content/gdrive/MyDrive/text detection/dataset/train/Annotations/ICDAR2015_Train_img_990.jpg 591,399,75,25,0 670,400,65,20,0
/content/gdrive/MyDrive/text detection/dataset/train/Annotations/ICDAR2015_Train_img_225.jpg 716,261,42,38,0 764,241,60,57,0 177,496,31,14,0 193,490,21,20,0 195,268,40,15,0
/content/gdrive/MyDrive/text detection/dataset/train/Annotations/ICDAR2015_Train_img_440.jpg 842,263,55,29,0 833,82,53,30,0 755,463,31,15,0 769,467,20,18,0 908,565,42,18,0 1074,473,69,11,0 1139,447,46,27,0 845,424,21,12,0 264,307,33,10,0 270,298,29,9,0 492,184,50,13,0 1066,478,78,13,0
/content/gdrive/MyDrive/text detection/dataset/train/Annotations/ICDAR2015_Train_img_374.jpg 663,191,82,24,0 610,218,23,11,0 607,174,70,15,0 650,171,15,14,0 682,169,42,18,0 654,255,96,56,0 597,195,40,23,0 600,266,33,16,0 631,217,15,12,0 662,217,42,14,0 700,216,34,15,0 765,253,18,7,0 766,262,30,8,0 1258,41,38,21,0 1235,46,12,10,0
/content/gdrive/MyDrive/text detection/dataset/train/Annotations/ICDAR2015_Train_img_654.jpg 1171,152,212,47,0 63,234,83,26,0
/content/gdrive/MyDrive/text detection/dataset/train/Annotations/ICDAR2015_Train_img_584.jpg 515,109,32,30,0 40,168,78,26,0 35,228,48,13,0 525,160,51,9,0
/content/gdrive/MyDrive/text detection/dataset/train/Annotations/ICDAR2015_Train_img_149.jpg 317,331,38,17,0 316,275,43,12,0 349,277,17,12,0 301,296,21,13,0 317,299,12,11,0 467,519,52,9,0
/content/gdrive/MyDrive/text detection/dataset/train/Annotations/ICDAR2015_Train_img_998.jpg 819,247,60,25,0 690,221,26,19,0 665,177,99,44,0 639,209,25,23,0 663,217,29,25,0 194,154,273,72,0 546,176,110,37,0 742,221,59,25,0 465,590,32,14,0 469,608,42,20,0 923,639,63,50,0 452,170,64,56,0 54,237,33,16,0 924,199,34,26,0
/content/gdrive/MyDrive/text detection/dataset/train/Annotations/ICDAR2015_Train_img_633.jpg 123,274,245,53,0 574,371,90,50,0 249,507,35,14,0
/content/gdrive/MyDrive/text detection/dataset/train/Annotations/ICDAR2015_Train_img_272.jpg 647,76,90,33,0 762,91,136,36,0 950,117,60,28,0 771,222,42,12,0 1100,98,63,17,0 1031,228,20,17,0 1026,294,18,15,0
/content/gdrive/MyDrive/text detection/dataset/train/Annotations/ICDAR2015_Train_img_41.jpg 547,139,29,12,0 590,138,53,16,0 638,134,37,16,0 181,154,56,15,0
/content/gdrive/MyDrive/text detection/dataset/train/Annotations/ICDAR2015_Train_img_803.jpg 23,108,44,41,0 119,27,205,32,0 427,76,62,46,0 79,102,59,34,0 262,16,77,17,0 275,355,105,29,0 367,357,74,22,0 241,424,66,20,0 303,417,55,20,0 413,681,48,40,0
/content/gdrive/MyDrive/text detection/dataset/train/Annotations/ICDAR2015_Train_img_212.jpg 208,140,83,33,0 296,157,89,37,0 378,173,73,33,0 1005,63,296,41,0 1092,39,86,30,0 665,13,72,27,0 722,15,37,30,0 804,30,119,41,0 919,15,127,31,0 244,343,64,34,0
/content/gdrive/MyDrive/text detection/dataset/train/Annotations/ICDAR2015_Train_img_924.jpg 446,500,55,26,0 366,165,46,24,0 371,379,48,22,0 370,399,51,18,0 410,355,35,18,0 448,364,46,21,0 420,379,54,16,0 422,133,22,20,0 450,125,31,20,0
/content/gdrive/MyDrive/text detection/dataset/train/Annotations/ICDAR2015_Train_img_44.jpg 137,205,71,43,0
/content/gdrive/MyDrive/text detection/dataset/train/Annotations/ICDAR2015_Train_img_831.jpg 74,387,97,13,0 465,287,52,19,0 503,281,29,16,0 441,311,42,19,0 493,301,72,18,0 1025,82,93,29,0 131,659,252,24,0
/content/gdrive/MyDrive/text detection/dataset/train/Annotations/ICDAR2015_Train_img_59.jpg 661,236,202,32,0 620,204,83,33,0 513,139,216,34,0 445,171,74,32,0 577,171,181,33,0 496,106,123,33,0 492,203,157,31,0 414,107,33,31,0 486,234,133,30,0 444,263,47,15,0 671,312,108,14,0 656,329,73,14,0 721,326,49,13,0 629,346,14,10,0 656,346,33,13,0 717,345,57,18,0 485,264,28,15,0 513,266,23,14,0 539,265,27,15,0 590,268,63,13,0 635,268,20,15,0 681,271,65,20,0 742,272,51,15,0 527,713,84,8,0 719,707,123,4,0 752,550,45,8,0 612,523,42,9,0 480,502,42,10,0 378,258,18,7,0 379,274,20,9,0 380,291,19,10,0 383,306,18,5,0 353,284,15,5,0 18,252,34,17,0 110,257,38,20,0 736,309,13,13,0 635,359,21,5,0 657,358,20,5,0 683,357,27,5,0 680,345,16,5,0 709,358,22,4,0 736,358,28,6,0 645,373,35,9,0 669,373,8,7,0 714,372,76,7,0
/content/gdrive/MyDrive/text detection/dataset/train/Annotations/ICDAR2015_Train_img_107.jpg 794,466,56,13,0 917,455,78,38,0 978,437,43,35,0 182,375,40,12,0 214,369,15,9,0 228,365,10,6,0 176,388,46,12,0 210,382,15,9,0 231,378,20,11,0 933,406,133,8,0 943,479,116,8,0 1135,360,27,11,0 1136,373,34,10,0
/content/gdrive/MyDrive/text detection/dataset/train/Annotations/ICDAR2015_Train_img_458.jpg 789,158,50,21,0 994,464,37,13,0 994,497,30,11,0 995,513,44,17,0 280,272,49,39,0 993,481,30,11,0 802,117,50,34,0 757,109,48,38,0 220,210,67,22,0 822,164,16,12,0 1205,208,88,20,0 283,240,37,13,0 279,312,33,31,0 276,340,50,14,0
/content/gdrive/MyDrive/text detection/dataset/train/Annotations/ICDAR2015_Train_img_808.jpg 993,44,245,45,0 697,99,313,48,0 1192,11,146,22,0
/content/gdrive/MyDrive/text detection/dataset/train/Annotations/ICDAR2015_Train_img_140.jpg 92,304,34,33,0 105,360,32,25,0 132,288,15,9,0 150,282,15,13,0 186,274,51,11,0 234,263,41,12,0 272,255,27,8,0 229,297,67,10,0 220,250,79,10,0 142,337,14,11,0 146,358,15,12,0 160,332,15,13,0 165,352,15,13,0 189,324,36,14,0 222,318,24,14,0 201,343,52,14,0 254,331,53,15,0 307,308,29,6,0 310,314,15,5,0 326,309,17,5,0 318,318,30,6,0 149,370,16,6,0 169,365,13,5,0 190,360,17,6,0 202,356,7,6,0 214,353,15,6,0 233,349,15,6,0 251,345,18,6,0 267,340,9,4,0 282,336,19,6,0 302,331,18,7,0 327,324,27,6,0
/content/gdrive/MyDrive/text detection/dataset/train/Annotations/ICDAR2015_Train_img_68.jpg 506,181,33,12,0 262,293,25,13,0 296,284,10,8,0 269,304,15,10,0 359,285,11,5,0 377,281,21,7,0 370,290,28,7,0 384,325,52,10,0 1122,369,34,10,0 1144,362,10,9,0 501,199,21,7,0 519,195,9,7,0 531,191,15,7,0 500,207,16,6,0 523,201,28,6,0 500,215,12,7,0 520,210,22,7,0 793,106,32,7,0 785,128,22,8,0 807,122,25,7,0 795,133,38,6,0 791,142,27,8,0 1077,79,33,10,0 1077,90,27,11,0
/content/gdrive/MyDrive/text detection/dataset/train/Annotations/ICDAR2015_Train_img_642.jpg 989,256,25,11,0 123,243,152,17,0 684,263,41,8,0 738,261,57,7,0 967,258,22,12,0 648,265,23,7,0 1095,247,22,8,0 1116,246,21,6,0 1030,374,64,10,0 1062,381,95,9,0 1220,244,44,14,0
/content/gdrive/MyDrive/text detection/dataset/train/Annotations/ICDAR2015_Train_img_155.jpg 111,275,87,33,0 291,247,23,13,0 59,280,37,14,0 1236,138,84,54,0 701,166,17,8,0 690,175,11,8,0 708,173,22,7,0 256,250,36,11,0 78,345,33,11,0
/content/gdrive/MyDrive/text detection/dataset/train/Annotations/ICDAR2015_Train_img_265.jpg 795,333,30,8,0 836,329,50,11,0 851,369,46,11,0 745,570,54,20,0 791,564,37,18,0 830,562,33,18,0
/content/gdrive/MyDrive/text detection/dataset/train/Annotations/ICDAR2015_Train_img_921.jpg 107,344,49,18,0 156,349,46,15,0 679,174,188,40,0 823,200,98,37,0 935,219,114,40,0 538,145,94,46,0 546,183,76,21,0 443,130,89,44,0 601,193,32,25,0 651,199,68,17,0 160,244,295,81,0 29,295,31,16,0 94,302,90,18,0 148,307,19,19,0 49,319,77,16,0 140,327,96,20,0 208,333,38,15,0 244,336,32,16,0 37,339,61,19,0 75,342,17,14,0 234,354,110,18,0 18,379,33,14,0 70,383,71,17,0 27,398,50,16,0 75,400,47,14,0 16,415,27,15,0 93,419,116,18,0 51,435,67,17,0 9,432,15,12,0 61,452,55,17,0 17,451,31,13,0 28,470,54,16,0 64,471,14,12,0 121,472,104,16,0 183,474,21,15,0 212,474,40,17,0 255,477,45,18,0 79,101,73,29,0 20,91,36,29,0 673,312,34,8,0 672,325,22,8,0 671,335,23,6,0
/content/gdrive/MyDrive/text detection/dataset/train/Annotations/ICDAR2015_Train_img_75.jpg 783,39,50,27,0 839,36,54,24,0 893,34,44,23,0
/content/gdrive/MyDrive/text detection/dataset/train/Annotations/ICDAR2015_Train_img_840.jpg 583,526,94,27,0 645,528,30,26,0 711,531,90,32,0 639,564,123,29,0 557,603,57,19,0 606,605,40,16,0 641,606,37,17,0 551,674,62,20,0 595,673,27,20,0 638,638,189,38,0 646,698,212,17,0
/content/gdrive/MyDrive/text detection/dataset/train/Annotations/ICDAR2015_Train_img_943.jpg 415,65,73,44,0 144,432,87,20,0 125,450,15,15,0 158,451,53,16,0 94,479,41,26,0 105,450,26,15,0 118,491,27,19,0 166,483,41,23,0 143,489,24,18,0 497,140,36,22,0 540,148,36,24,0 567,159,22,12,0 563,170,19,10,0 567,182,28,13,0 356,39,56,51,0 427,107,45,19,0 508,159,14,10,0 349,364,18,7,0 312,339,20,7,0 337,399,21,7,0 345,335,18,7,0 315,369,22,7,0 279,344,22,8,0 279,372,20,7,0 305,403,18,9,0 366,395,24,8,0 276,404,21,9,0 285,464,18,7,0 325,428,18,9,0 289,432,17,9,0 301,25,65,50,0 227,14,73,29,0
/content/gdrive/MyDrive/text detection/dataset/train/Annotations/ICDAR2015_Train_img_757.jpg 530,83,208,51,0 583,393,295,43,0 246,537,89,27,0
/content/gdrive/MyDrive/text detection/dataset/train/Annotations/ICDAR2015_Train_img_886.jpg 533,199,74,18,0 231,235,86,14,0 233,246,41,11,0 683,135,91,18,0 540,149,49,26,0 145,309,50,39,0 139,236,101,15,0
/content/gdrive/MyDrive/text detection/dataset/train/Annotations/ICDAR2015_Train_img_157.jpg 739,366,8,7,0 720,367,14,6,0 740,380,25,9,0 701,347,40,8,0 735,445,46,14,0 714,382,15,9,0 689,361,13,8,0 427,319,37,34,0 709,360,24,7,0 738,359,31,8,0 696,369,34,9,0 731,366,7,6,0 750,365,13,7,0 698,383,14,8,0 745,514,37,6,0 726,527,7,4,0 758,523,29,7,0 767,529,11,5,0 730,533,15,7,0 731,544,13,9,0 761,541,28,6,0 423,249,34,33,0
/content/gdrive/MyDrive/text detection/dataset/train/Annotations/ICDAR2015_Train_img_395.jpg 369,138,44,31,0 429,121,76,39,0 520,94,112,39,0 918,193,37,18,0 176,410,38,23,0
/content/gdrive/MyDrive/text detection/dataset/train/Annotations/ICDAR2015_Train_img_482.jpg 1009,54,91,26,0 1082,59,57,25,0
/content/gdrive/MyDrive/text detection/dataset/train/Annotations/ICDAR2015_Train_img_133.jpg 41,345,70,27,0 414,304,62,29,0 729,251,27,25,0 778,263,40,22,0 798,289,67,23,0 812,313,85,23,0 808,342,68,27,0 845,280,24,24,0 262,304,25,12,0 286,302,21,11,0 629,264,24,11,0 658,261,32,8,0 950,230,21,7,0 975,226,29,9,0 942,498,32,25,0 670,350,28,7,0 671,358,26,7,0 987,310,25,7,0 989,317,21,7,0
/content/gdrive/MyDrive/text detection/dataset/train/Annotations/ICDAR2015_Train_img_661.jpg 211,131,148,39,0 314,160,62,33,0 607,262,35,15,0
/content/gdrive/MyDrive/text detection/dataset/train/Annotations/ICDAR2015_Train_img_521.jpg 350,205,128,36,0 736,243,80,27,0 839,190,32,30,0 1021,168,75,18,0 360,534,60,19,0
/content/gdrive/MyDrive/text detection/dataset/train/Annotations/ICDAR2015_Train_img_888.jpg 942,368,46,18,0 872,363,95,17,0 1043,36,52,52,0 1046,71,25,19,0 853,131,123,55,0 981,145,126,51,0 888,255,218,56,0 782,328,21,19,0 818,335,58,19,0 877,340,69,20,0 931,345,40,20,0 957,345,20,20,0 986,345,48,21,0 805,355,49,20,0 775,349,17,15,0 974,369,27,17,0 999,365,28,17,0 845,442,90,30,0 920,445,63,32,0 107,60,44,23,0 520,73,62,28,0 380,150,65,26,0 362,273,44,28,0 392,269,22,17,0 381,96,38,19,0 59,26,39,15,0 392,284,23,10,0 518,90,54,6,0 853,23,104,45,0
/content/gdrive/MyDrive/text detection/dataset/train/Annotations/ICDAR2015_Train_img_114.jpg 660,104,29,17,0 759,105,78,32,0 487,288,86,51,0 472,234,82,39,0
/content/gdrive/MyDrive/text detection/dataset/train/Annotations/ICDAR2015_Train_img_849.jpg 440,15,101,20,0 522,15,57,24,0 664,14,99,19,0 422,53,63,36,0 494,45,76,35,0 561,44,56,32,0 623,41,59,31,0 685,40,62,32,0 734,41,41,24,0 793,38,70,31,0 874,34,95,34,0 940,36,45,23,0 1012,31,103,32,0 1080,30,39,27,0 982,305,153,27,0 966,245,98,65,0
/content/gdrive/MyDrive/text detection/dataset/train/Annotations/ICDAR2015_Train_img_555.jpg 199,143,61,29,0 541,242,98,29,0 609,232,33,23,0 660,224,66,25,0 517,273,46,26,0 620,257,153,27,0 451,314,49,18,0 788,100,88,15,0 866,86,61,16,0 489,89,42,16,0
/content/gdrive/MyDrive/text detection/dataset/train/Annotations/ICDAR2015_Train_img_245.jpg 87,194,30,29,0 310,237,63,26,0 371,145,34,32,0 439,148,84,30,0 312,147,58,14,0 144,179,85,30,0 262,241,27,27,0 306,286,54,16,0 185,273,54,42,0 209,405,168,32,0 231,527,56,36,0 301,395,26,10,0 307,437,27,11,0
/content/gdrive/MyDrive/text detection/dataset/train/Annotations/ICDAR2015_Train_img_401.jpg 623,11,75,14,0 607,21,47,11,0 999,160,77,36,0 547,147,61,31,0 594,176,40,25,0 303,220,250,48,0 867,69,30,28,0 313,151,254,48,0 889,82,47,29,0 597,32,30,12,0 628,35,32,13,0 598,45,33,12,0 636,48,40,12,0 640,24,17,13,0 652,37,13,12,0 663,50,14,13,0 1199,234,41,34,0
/content/gdrive/MyDrive/text detection/dataset/train/Annotations/ICDAR2015_Train_img_124.jpg 1117,131,62,21,0 1061,159,113,16,0 1191,151,130,14,0 1093,180,79,16,0 1166,178,53,18,0 1129,203,215,12,0 1125,221,100,8,0 1251,342,33,16,0 1125,231,42,7,0
/content/gdrive/MyDrive/text detection/dataset/train/Annotations/ICDAR2015_Train_img_797.jpg 281,123,85,24,0 336,133,30,21,0 481,153,90,22,0 246,159,110,23,0 367,175,141,23,0 99,145,44,27,0 370,563,40,21,0 719,364,48,14,0 394,357,35,7,0 411,472,15,7,0 366,470,37,7,0 397,345,81,12,0
/content/gdrive/MyDrive/text detection/dataset/train/Annotations/ICDAR2015_Train_img_581.jpg 752,131,59,24,0 791,126,24,23,0 837,120,67,25,0 662,216,15,13,0 689,214,38,11,0 636,218,38,15,0 70,166,89,29,0
/content/gdrive/MyDrive/text detection/dataset/train/Annotations/ICDAR2015_Train_img_651.jpg 88,659,109,32,0 235,651,163,29,0 85,291,83,22,0 1109,208,57,27,0 1176,193,66,39,0 236,236,51,26,0 183,227,60,39,0 371,161,16,12,0 272,250,25,15,0 1258,249,40,34,0 279,171,121,31,0 283,205,124,26,0 590,308,83,14,0 558,322,19,12,0 579,324,16,16,0 603,323,17,13,0 625,320,13,12,0
/content/gdrive/MyDrive/text detection/dataset/train/Annotations/ICDAR2015_Train_img_665.jpg 842,170,129,57,0 792,252,21,16,0 959,215,44,26,0 923,237,32,17,0 1118,175,32,25,0
/content/gdrive/MyDrive/text detection/dataset/train/Annotations/ICDAR2015_Train_img_636.jpg 961,308,504,228,0
/content/gdrive/MyDrive/text detection/dataset/train/Annotations/ICDAR2015_Train_img_700.jpg 107,162,230,56,0 580,334,42,14,0 701,360,33,18,0 824,290,41,12,0 598,281,32,6,0 576,300,39,8,0 501,289,41,8,0 483,255,27,7,0 499,310,45,8,0
/content/gdrive/MyDrive/text detection/dataset/train/Annotations/ICDAR2015_Train_img_148.jpg 1063,179,40,18,0
/content/gdrive/MyDrive/text detection/dataset/train/Annotations/ICDAR2015_Train_img_175.jpg 543,87,75,31,0 635,129,252,35,0 792,132,58,30,0 861,132,77,31,0 683,197,62,32,0
/content/gdrive/MyDrive/text detection/dataset/train/Annotations/ICDAR2015_Train_img_726.jpg 443,181,143,33,0 857,181,42,22,0 903,178,48,21,0 570,23,47,15,0 1088,155,52,20,0 332,281,19,12,0
/content/gdrive/MyDrive/text detection/dataset/train/Annotations/ICDAR2015_Train_img_291.jpg 357,365,70,14,0 609,216,31,17,0 537,142,21,21,0 262,50,89,14,0 266,355,75,17,0 609,156,43,20,0 901,204,46,16,0 973,213,21,19,0 991,359,62,21,0 1239,501,67,28,0 1089,386,60,26,0 745,367,29,23,0 1081,347,94,20,0 30,231,59,28,0
/content/gdrive/MyDrive/text detection/dataset/train/Annotations/ICDAR2015_Train_img_60.jpg 633,250,68,35,0 748,322,23,10,0 772,324,24,9,0 952,288,29,16,0 879,325,30,13,0 687,298,34,7,0 685,313,34,8,0 140,260,62,7,0
/content/gdrive/MyDrive/text detection/dataset/train/Annotations/ICDAR2015_Train_img_538.jpg 275,160,59,24,0 279,182,50,24,0 1064,349,59,18,0 1069,366,92,33,0 1071,390,87,16,0 1073,408,93,19,0 328,60,349,56,0 1175,267,94,37,0 1093,486,135,80,0 745,301,28,19,0 787,193,31,19,0 818,133,35,29,0 143,300,128,15,0
/content/gdrive/MyDrive/text detection/dataset/train/Annotations/ICDAR2015_Train_img_854.jpg 416,234,62,21,0 488,229,58,17,0 904,122,93,41,0 573,150,72,35,0 732,208,49,10,0
/content/gdrive/MyDrive/text detection/dataset/train/Annotations/ICDAR2015_Train_img_340.jpg 364,150,80,45,0 356,93,214,57,0 594,231,39,35,0 1221,94,101,20,0 539,242,35,32,0 714,325,20,17,0 688,330,19,16,0 1230,171,67,33,0 1264,272,84,79,0
/content/gdrive/MyDrive/text detection/dataset/train/Annotations/ICDAR2015_Train_img_22.jpg 195,141,58,22,0 197,174,50,20,0 108,174,76,44,0 111,236,61,19,0 153,229,19,15,0 190,223,47,19,0 231,218,23,15,0 257,213,22,16,0
/content/gdrive/MyDrive/text detection/dataset/train/Annotations/ICDAR2015_Train_img_946.jpg 220,302,24,15,0 101,347,39,18,0 215,159,82,28,0 79,329,70,18,0 135,318,42,16,0 128,171,49,15,0 181,309,49,17,0 69,180,55,15,0 143,337,39,19,0 186,329,45,16,0 68,373,55,18,0 109,365,28,16,0 146,357,43,18,0 186,348,37,17,0 228,340,42,17,0 425,266,54,17,0 440,282,35,12,0 756,170,83,71,0
/content/gdrive/MyDrive/text detection/dataset/train/Annotations/ICDAR2015_Train_img_667.jpg 448,265,124,19,0 649,307,29,10,0 1004,319,69,42,0 1082,327,77,54,0 1032,406,103,65,0 1087,426,31,21,0
/content/gdrive/MyDrive/text detection/dataset/train/Annotations/ICDAR2015_Train_img_363.jpg 389,76,94,18,0 364,86,43,20,0 378,107,61,19,0 612,169,29,20,0 625,181,44,28,0 111,694,56,15,0 173,200,47,22,0
/content/gdrive/MyDrive/text detection/dataset/train/Annotations/ICDAR2015_Train_img_138.jpg 258,298,48,19,0 319,292,69,15,0 394,283,56,15,0 887,223,42,11,0 917,222,17,10,0 941,217,31,12,0 198,445,41,11,0 199,457,35,12,0 1023,439,47,11,0 1058,436,17,9,0 1086,432,41,10,0 1126,427,36,9,0 1018,454,33,11,0 1054,449,40,9,0 1093,445,37,9,0 1131,440,38,9,0 1079,463,97,11,0 104,453,33,30,0
/content/gdrive/MyDrive/text detection/dataset/train/Annotations/ICDAR2015_Train_img_296.jpg 1126,202,29,16,0 1128,232,58,13,0 504,234,57,21,0 543,231,22,20,0 581,228,56,21,0 405,244,106,27,0 624,156,29,12,0 1199,261,185,15,0 446,393,177,63,0 671,242,117,9,0 1128,243,37,11,0 104,132,49,36,0 1168,20,128,23,0 41,129,80,35,0 1129,483,71,19,0 1078,474,74,16,0 672,251,119,8,0 675,291,72,68,0 657,162,14,7,0 680,435,117,27,0
/content/gdrive/MyDrive/text detection/dataset/train/Annotations/ICDAR2015_Train_img_829.jpg 743,275,31,20,0 524,304,47,17,0 566,303,42,19,0 733,372,36,18,0 779,374,54,23,0 543,317,84,8,0 676,234,19,14,0 268,356,44,18,0 883,455,34,9,0 744,391,20,9,0 767,392,26,10,0
/content/gdrive/MyDrive/text detection/dataset/train/Annotations/ICDAR2015_Train_img_142.jpg 781,654,86,25,0 886,614,73,22,0 165,120,63,18,0 151,26,75,29,0 397,52,58,20,0 275,86,62,25,0 1030,539,83,37,0 53,153,70,15,0 699,697,40,20,0 497,703,36,34,0 451,37,53,20,0 796,669,46,21,0 1037,566,83,22,0 542,23,49,13,0 42,58,86,31,0 171,52,53,13,0 272,11,35,28,0 537,8,44,10,0 471,706,19,6,0 652,715,53,15,0
/content/gdrive/MyDrive/text detection/dataset/train/Annotations/ICDAR2015_Train_img_290.jpg 888,222,86,10,0 890,283,27,12,0 849,169,63,16,0 892,170,24,17,0 930,169,52,15,0 806,61,74,18,0 818,286,37,19,0 728,58,72,21,0 880,283,25,10,0 934,282,28,24,0 431,623,119,55,0 391,480,77,30,0 367,390,70,23,0 365,310,48,15,0 16,185,41,14,0 302,41,26,15,0 84,28,18,14,0 469,118,56,6,0
/content/gdrive/MyDrive/text detection/dataset/train/Annotations/ICDAR2015_Train_img_848.jpg 596,162,29,20,0 205,637,37,29,0 112,243,211,77,0 63,354,100,29,0 190,351,145,31,0 43,407,62,32,0 110,402,61,32,0 190,399,95,28,0 28,462,34,29,0 128,458,150,40,0 242,459,77,20,0 83,517,162,31,0 213,506,51,35,0 286,510,76,32,0 51,609,93,31,0 127,604,60,32,0 231,602,145,31,0 71,645,41,27,0 153,138,291,75,0 110,642,31,26,0 154,640,54,29,0 126,48,228,57,0 643,159,69,27,0 703,155,50,29,0 743,154,41,30,0 783,153,40,29,0 824,150,47,29,0 858,149,31,26,0 899,146,52,30,0 956,144,64,32,0 1004,145,34,29,0 1049,144,64,28,0 623,136,61,26,0 671,133,40,25,0 741,128,22,15,0 772,128,52,22,0 181,183,235,33,0 21,644,41,29,0 170,699,211,19,0 253,299,143,20,0 416,155,59,45,0 303,559,29,21,0
/content/gdrive/MyDrive/text detection/dataset/train/Annotations/ICDAR2015_Train_img_772.jpg 280,253,75,36,0 609,150,27,25,0 659,135,78,21,0 868,126,39,22,0 484,228,77,18,0 601,195,122,21,0 727,159,98,21,0 1021,305,68,18,0 606,696,30,19,0
/content/gdrive/MyDrive/text detection/dataset/train/Annotations/ICDAR2015_Train_img_26.jpg 538,181,62,26,0 549,205,85,28,0 549,230,87,25,0 558,49,79,29,0
/content/gdrive/MyDrive/text detection/dataset/train/Annotations/ICDAR2015_Train_img_636.jpg 961,308,504,228,0
/content/gdrive/MyDrive/text detection/dataset/train/Annotations/ICDAR2015_Train_img_210.jpg 737,415,52,28,0 147,352,24,10,0 168,362,19,10,0 97,376,14,12,0 124,386,42,13,0 121,363,38,15,0 95,352,16,13,0 23,397,42,11,0
/content/gdrive/MyDrive/text detection/dataset/train/Annotations/ICDAR2015_Train_img_40.jpg 155,372,156,72,0 309,351,91,54,0 279,425,145,57,0 249,361,65,36,0 447,388,104,24,0 422,412,41,13,0 472,411,50,11,0 955,278,58,29,0 400,328,51,18,0
/content/gdrive/MyDrive/text detection/dataset/train/Annotations/ICDAR2015_Train_img_266.jpg 576,153,26,10,0 869,76,159,32,0 848,9,156,17,0 546,90,13,9,0
/content/gdrive/MyDrive/text detection/dataset/train/Annotations/ICDAR2015_Train_img_190.jpg 594,128,34,17,0
/content/gdrive/MyDrive/text detection/dataset/train/Annotations/ICDAR2015_Train_img_651.jpg 88,659,109,32,0 235,651,163,29,0 85,291,83,22,0 1109,208,57,27,0 1176,193,66,39,0 236,236,51,26,0 183,227,60,39,0 371,161,16,12,0 272,250,25,15,0 1258,249,40,34,0 279,171,121,31,0 283,205,124,26,0 590,308,83,14,0 558,322,19,12,0 579,324,16,16,0 603,323,17,13,0 625,320,13,12,0
/content/gdrive/MyDrive/text detection/dataset/train/Annotations/ICDAR2015_Train_img_105.jpg 1159,154,55,16,0 1207,153,36,18,0 1136,178,31,17,0 1198,178,84,19,0
/content/gdrive/MyDrive/text detection/dataset/train/Annotations/ICDAR2015_Train_img_40.jpg 155,372,156,72,0 309,351,91,54,0 279,425,145,57,0 249,361,65,36,0 447,388,104,24,0 422,412,41,13,0 472,411,50,11,0 955,278,58,29,0 400,328,51,18,0
/content/gdrive/MyDrive/text detection/dataset/train/Annotations/ICDAR2015_Train_img_335.jpg 706,53,62,20,0 950,81,28,17,0 319,91,138,36,0 1177,28,46,14,0 268,79,34,15,0 537,129,39,8,0 541,151,38,9,0
/content/gdrive/MyDrive/text detection/dataset/train/Annotations/ICDAR2015_Train_img_745.jpg 583,199,70,52,0 1036,36,72,47,0
/content/gdrive/MyDrive/text detection/dataset/train/Annotations/ICDAR2015_Train_img_489.jpg 931,527,43,31,0 940,563,180,54,0
/content/gdrive/MyDrive/text detection/dataset/train/Annotations/ICDAR2015_Train_img_221.jpg 384,312,30,12,0 489,414,137,36,0 460,373,210,40,0 1095,411,187,45,0
/content/gdrive/MyDrive/text detection/dataset/train/Annotations/ICDAR2015_Train_img_376.jpg 39,445,29,20,0 352,159,134,45,0 455,173,43,27,0 523,190,52,14,0 557,257,101,22,0 857,187,75,17,0 910,173,20,18,0 979,154,121,17,0 945,108,26,22,0 931,105,18,13,0
/content/gdrive/MyDrive/text detection/dataset/train/Annotations/ICDAR2015_Train_img_570.jpg 186,77,192,50,0
/content/gdrive/MyDrive/text detection/dataset/train/Annotations/ICDAR2015_Train_img_728.jpg 171,183,76,23,0 174,205,115,24,0 57,316,28,21,0 54,298,21,15,0
/content/gdrive/MyDrive/text detection/dataset/train/Annotations/ICDAR2015_Train_img_947.jpg 730,66,190,33,0 866,52,72,25,0 621,95,27,14,0 577,68,42,32,0
/content/gdrive/MyDrive/text detection/dataset/train/Annotations/ICDAR2015_Train_img_591.jpg 581,125,100,41,0 650,115,43,33,0 553,444,50,20,0 595,427,39,19,0 132,181,118,22,0 755,10,45,11,0
/content/gdrive/MyDrive/text detection/dataset/train/Annotations/ICDAR2015_Train_img_328.jpg 309,161,95,32,0 309,182,68,12,0 891,124,100,62,0 452,304,26,10,0
/content/gdrive/MyDrive/text detection/dataset/train/Annotations/ICDAR2015_Train_img_516.jpg 626,154,70,37,0 712,132,110,36,0 299,255,61,10,0 409,244,28,25,0 956,306,27,21,0 1121,216,107,24,0
/content/gdrive/MyDrive/text detection/dataset/train/Annotations/ICDAR2015_Train_img_483.jpg 735,163,24,19,0 510,163,126,44,0 634,178,22,21,0 663,176,40,19,0 705,169,46,19,0 609,183,24,17,0 762,159,38,22,0 616,146,83,38,0 721,107,56,20,0 739,129,75,24,0 677,127,30,16,0
/content/gdrive/MyDrive/text detection/dataset/train/Annotations/ICDAR2015_Train_img_789.jpg 345,15,173,24,0 473,17,72,29,0 232,66,56,29,0 345,67,174,28,0 471,72,79,26,0 533,21,32,29,0 529,76,30,29,0 574,23,46,26,0 570,75,43,24,0 706,90,46,36,0 655,367,54,11,0 456,280,18,12,0 418,297,78,14,0 223,448,59,49,0 143,364,33,18,0 43,302,86,11,0 800,315,37,30,0
/content/gdrive/MyDrive/text detection/dataset/train/Annotations/ICDAR2015_Train_img_991.jpg 266,379,24,19,0 286,80,47,26,0 568,145,87,19,0 545,169,35,20,0 586,164,51,17,0 531,125,26,20,0 577,122,66,25,0 545,239,58,29,0 271,300,67,46,0 289,107,44,19,0 322,98,27,12,0 336,100,19,12,0 339,130,33,14,0 204,227,53,13,0 323,359,26,19,0 621,232,48,25,0 282,396,48,13,0
/content/gdrive/MyDrive/text detection/dataset/train/Annotations/ICDAR2015_Train_img_733.jpg 767,26,113,32,0 1128,237,68,30,0
/content/gdrive/MyDrive/text detection/dataset/train/Annotations/ICDAR2015_Train_img_447.jpg 269,171,94,17,0 272,187,71,17,0 580,136,71,9,0 470,215,29,9,0 469,204,29,9,0 466,195,20,10,0 463,184,25,8,0
/content/gdrive/MyDrive/text detection/dataset/train/Annotations/ICDAR2015_Train_img_608.jpg 645,184,16,12,0 346,267,48,10,0 1016,132,18,14,0 1060,134,71,49,0 1112,118,39,25,0 1069,90,16,14,0 1093,87,30,18,0 974,98,50,10,0 1034,541,52,14,0 1035,553,41,11,0 60,144,32,22,0 1039,628,47,16,0 22,156,49,40,0 1042,638,43,15,0 506,162,54,16,0 426,165,32,16,0 128,243,14,13,0 346,278,40,7,0 388,215,18,12,0 279,227,15,13,0 165,241,15,14,0 197,238,14,13,0 238,232,12,9,0 486,113,47,13,0 519,105,37,32,0 556,98,47,12,0 597,89,36,35,0 636,77,52,16,0 688,71,49,33,0 738,60,42,35,0 788,44,60,23,0 854,36,56,41,0 919,24,47,20,0 991,13,61,23,0 436,250,30,6,0 430,256,17,4,0 433,262,21,5,0 536,252,62,7,0 586,190,29,5,0 1038,61,71,17,0 22,74,43,19,0 241,55,23,11,0
/content/gdrive/MyDrive/text detection/dataset/train/Annotations/ICDAR2015_Train_img_472.jpg 236,99,102,24,0 596,114,64,27,0 765,193,17,16,0 789,186,40,19,0 806,202,93,19,0 797,165,92,22,0 774,97,27,8,0 783,105,45,11,0 830,219,124,18,0 802,266,57,26,0 1004,63,80,6,0
/content/gdrive/MyDrive/text detection/dataset/train/Annotations/ICDAR2015_Train_img_858.jpg 285,53,107,43,0 361,110,76,38,0 458,304,49,26,0 452,331,25,22,0 55,280,64,34,0 938,585,111,84,0 802,178,50,45,0 988,10,86,31,0 509,209,53,20,0 853,553,66,51,0
/content/gdrive/MyDrive/text detection/dataset/train/Annotations/ICDAR2015_Train_img_819.jpg 698,108,34,23,0 699,125,52,10,0 290,228,39,7,0 1021,63,23,22,0 1018,83,36,8,0
/content/gdrive/MyDrive/text detection/dataset/train/Annotations/ICDAR2015_Train_img_269.jpg 483,239,48,11,0 537,258,53,9,0 839,63,44,19,0 1166,97,66,17,0 536,238,34,30,0 832,43,34,17,0 482,225,44,18,0 170,92,198,28,0 482,256,50,27,0 498,283,52,8,0 497,293,50,9,0 501,300,55,8,0 499,325,51,9,0 511,331,72,9,0 520,338,87,9,0 160,38,216,71,0 32,87,27,26,0
/content/gdrive/MyDrive/text detection/dataset/train/Annotations/ICDAR2015_Train_img_267.jpg 806,301,73,22,0 805,318,60,16,0 439,76,116,20,0 473,88,65,9,0 599,113,20,13,0 373,20,40,11,0 377,30,22,9,0 624,106,38,8,0 626,114,39,9,0
/content/gdrive/MyDrive/text detection/dataset/train/Annotations/ICDAR2015_Train_img_621.jpg 610,165,54,50,0 1133,54,159,44,0 1244,24,63,28,0 616,195,72,12,0 606,237,53,15,0 625,254,78,15,0 786,255,110,14,0 236,284,31,25,0
/content/gdrive/MyDrive/text detection/dataset/train/Annotations/ICDAR2015_Train_img_148.jpg 1063,179,40,18,0
/content/gdrive/MyDrive/text detection/dataset/train/Annotations/ICDAR2015_Train_img_620.jpg 217,199,93,26,0 303,201,68,22,0 669,221,75,16,0
/content/gdrive/MyDrive/text detection/dataset/train/Annotations/ICDAR2015_Train_img_28.jpg 414,40,88,79,0 646,53,388,100,0 110,96,192,15,0
/content/gdrive/MyDrive/text detection/dataset/train/Annotations/ICDAR2015_Train_img_342.jpg 770,28,14,13,0 738,33,53,17,0 653,46,27,15,0 683,41,32,15,0 706,36,15,14,0 1157,84,92,22,0 307,128,63,32,0 642,63,53,15,0 697,56,59,14,0 732,50,14,13,0 764,46,51,13,0 795,41,15,12,0
/content/gdrive/MyDrive/text detection/dataset/train/Annotations/ICDAR2015_Train_img_891.jpg 691,121,35,19,0 607,101,77,20,0 690,62,78,20,0 557,55,79,25,0 592,32,143,21,0 634,75,81,22,0 521,11,20,10,0 400,50,27,12,0 447,61,85,25,0 530,82,84,22,0 660,113,32,19,0 550,304,85,30,0 524,376,21,13,0 558,377,45,15,0 542,451,57,12,0 63,202,58,11,0 1122,242,87,39,0 1120,266,87,11,0 1079,417,35,19,0 811,424,43,17,0 540,216,113,16,0
/content/gdrive/MyDrive/text detection/dataset/train/Annotations/ICDAR2015_Train_img_667.jpg 448,265,124,19,0 649,307,29,10,0 1004,319,69,42,0 1082,327,77,54,0 1032,406,103,65,0 1087,426,31,21,0
/content/gdrive/MyDrive/text detection/dataset/train/Annotations/ICDAR2015_Train_img_173.jpg 371,201,59,16,0 248,135,31,11,0 306,123,21,11,0 330,118,30,11,0 365,112,39,10,0 280,128,31,12,0 405,104,38,9,0 490,87,43,10,0 332,188,11,9,0 341,186,9,6,0 343,196,29,7,0 376,188,39,8,0 338,206,12,6,0 367,169,49,30,0 161,152,21,8,0 168,157,34,7,0
/content/gdrive/MyDrive/text detection/dataset/train/Annotations/ICDAR2015_Train_img_17.jpg 567,67,142,30,0 208,77,22,11,0 247,93,27,8,0
/content/gdrive/MyDrive/text detection/dataset/train/Annotations/ICDAR2015_Train_img_507.jpg 295,427,57,14,0 759,134,45,19,0 295,412,40,18,0 345,406,64,18,0 258,433,20,14,0 251,420,44,19,0 342,420,42,14,0 266,389,61,12,0 337,380,71,13,0 502,368,158,14,0 237,230,68,10,0
/content/drive/My Drive/textdetection/dataset/train/Annotations/ICDAR2015_Train_img_288.jpg 647,531,17,15,0 648,544,35,8,0 369,416,57,55,0 403,414,19,17,0 585,685,37,19,0 372,349,84,17,0 553,690,66,46,0 194,209,41,37,0 727,659,83,20,0 726,627,34,28,0 660,432,29,28,0 692,427,40,12,0 824,407,38,18,0 1046,419,64,26,0 1112,421,42,33,0 1136,423,23,14,0 1172,36,132,41,0 963,103,129,35,0 768,163,100,31,0 1013,169,23,19,0 807,206,20,20,0 923,404,78,19,0 80,208,160,29,0 633,211,44,21,0 373,367,89,17,0 561,629,81,33,0 59,424,102,14,0 1246,86,40,21,0
/content/drive/My Drive/textdetection/dataset/train/Annotations/ICDAR2015_Train_img_714.jpg 748,214,26,16,0 442,134,19,12,0 627,151,126,10,0 344,119,19,12,0 372,123,38,13,0 602,215,55,24,0 412,130,44,13,0 469,137,35,11,0 447,388,149,31,0 503,530,88,21,0 773,482,54,19,0 51,92,45,10,0 53,79,46,9,0
/content/drive/My Drive/textdetection/dataset/train/Annotations/ICDAR2015_Train_img_707.jpg 497,109,71,32,0 555,85,51,34,0 497,53,99,61,0 578,13,61,26,0
/content/drive/My Drive/textdetection/dataset/train/Annotations/ICDAR2015_Train_img_199.jpg 634,199,41,19,0 628,180,27,18,0 638,143,32,16,0 661,144,11,5,0 685,147,34,15,0 725,130,29,19,0 747,152,71,19,0 689,167,50,18,0 659,123,89,19,0 634,161,39,19,0 740,170,34,20,0 803,176,48,18,0 677,185,53,19,0 815,195,29,18,0 817,214,18,18,0 198,167,17,16,0 388,186,38,17,0 345,165,23,14,0 394,166,24,18,0 205,148,24,18,0 299,144,31,19,0 339,146,32,19,0 215,130,36,16,0 298,126,57,17,0 315,108,27,17,0
/content/drive/My Drive/textdetection/dataset/train/Annotations/ICDAR2015_Train_img_484.jpg 651,233,17,14,0 53,219,51,38,0 961,171,39,12,0 992,165,28,15,0 950,270,37,15,0 929,177,24,15,0 1006,258,23,18,0 982,263,28,16,0 957,139,93,16,0 1000,287,46,13,0 649,221,36,13,0 988,281,92,9,0 298,247,24,16,0 300,265,31,13,0 1009,130,14,11,0 927,111,24,24,0 227,253,32,30,0 1024,260,13,8,0 1012,162,9,9,0 1208,159,26,15,0 77,251,50,7,0 1182,440,86,12,0
/content/drive/My Drive/textdetection/dataset/train/Annotations/ICDAR2015_Train_img_109.jpg 506,533,29,23,0 554,545,57,28,0 538,580,81,40,0 814,425,106,19,0 812,342,155,103,0 842,403,98,29,0 779,443,60,14,0 849,448,78,12,0 182,71,66,63,0 183,125,73,48,0
/content/drive/My Drive/textdetection/dataset/train/Annotations/ICDAR2015_Train_img_555.jpg 199,143,61,29,0 541,242,98,29,0 609,232,33,23,0 660,224,66,25,0 517,273,46,26,0 620,257,153,27,0 451,314,49,18,0 788,100,88,15,0 866,86,61,16,0 489,89,42,16,0
/content/drive/My Drive/textdetection/dataset/train/Annotations/ICDAR2015_Train_img_331.jpg 229,32,22,12,0 1057,362,43,16,0 1088,369,26,14,0 1134,376,71,19,0 749,200,63,20,0 816,209,68,19,0
/content/drive/My Drive/textdetection/dataset/train/Annotations/ICDAR2015_Train_img_631.jpg 962,79,239,62,0 1064,95,40,17,0
/content/drive/My Drive/textdetection/dataset/train/Annotations/ICDAR2015_Train_img_453.jpg 198,38,87,31,0 200,87,154,77,0
/content/drive/My Drive/textdetection/dataset/train/Annotations/ICDAR2015_Train_img_283.jpg 24,170,20,17,0 625,186,245,42,0 275,172,37,15,0 300,169,19,14,0 329,165,41,14,0 609,329,77,16,0 63,95,124,45,0 248,160,19,18,0 545,163,89,24,0 208,175,21,19,0 169,162,18,18,0 87,167,18,16,0 57,182,18,17,0 832,34,18,6,0 833,59,18,6,0 833,83,18,10,0 833,107,17,11,0 833,132,17,11,0 834,173,17,12,0 806,48,20,16,0 806,70,23,20,0 808,93,24,21,0 807,116,23,21,0 807,137,24,17,0 808,177,17,14,0 1007,105,84,33,0 529,187,78,22,0
/content/drive/My Drive/textdetection/dataset/train/Annotations/ICDAR2015_Train_img_327.jpg 610,395,63,24,0 605,338,50,23,0 577,104,61,25,0 580,134,66,25,0 582,163,40,25,0 595,46,45,25,0 587,194,52,27,0 547,57,50,25,0 591,224,80,23,0 570,253,47,24,0 617,252,50,25,0 597,282,86,24,0 601,308,50,24,0 608,365,71,25,0 616,424,89,24,0 618,452,67,25,0 620,480,53,25,0 623,508,74,23,0 603,534,52,25,0 653,540,50,24,0 631,565,69,21,0 633,590,45,25,0 763,124,74,17,0 299,118,27,12,0 302,130,32,12,0 455,442,86,14,0 46,550,89,52,0 524,11,49,15,0 567,19,63,12,0 575,2,49,2,0 21,170,42,15,0 19,193,36,16,0 1030,163,39,30,0
/content/drive/My Drive/textdetection/dataset/train/Annotations/ICDAR2015_Train_img_884.jpg 619,176,39,19,0 762,158,54,22,0 561,133,106,36,0 645,143,59,32,0 515,170,19,18,0 458,121,99,41,0 540,173,30,18,0 331,109,49,23,0 578,174,41,19,0 799,142,27,16,0 831,144,36,15,0 859,145,20,14,0 820,162,58,13,0 860,163,18,14,0 834,181,45,15,0 734,292,62,47,0 692,341,54,9,0 609,317,42,37,0 722,425,149,96,0 242,456,240,7,0
/content/drive/My Drive/textdetection/dataset/train/Annotations/ICDAR2015_Train_img_819.jpg 698,108,34,23,0 699,125,52,10,0 290,228,39,7,0 1021,63,23,22,0 1018,83,36,8,0
/content/drive/My Drive/textdetection/dataset/train/Annotations/ICDAR2015_Train_img_176.jpg 262,6,24,12,0 325,38,30,18,0 1022,14,24,13,0 959,46,29,17,0
/content/drive/My Drive/textdetection/dataset/train/Annotations/ICDAR2015_Train_img_754.jpg 132,175,91,53,0 196,219,63,35,0 254,247,64,39,0 990,371,97,85,0 806,225,118,46,0 813,472,33,28,0 814,499,34,26,0 969,436,87,33,0 1045,424,65,38,0 1088,268,137,26,0
/content/drive/My Drive/textdetection/dataset/train/Annotations/ICDAR2015_Train_img_49.jpg 827,40,23,18,0 748,32,31,19,0 210,419,59,59,0 263,376,52,50,0 313,337,57,42,0 268,274,161,86,0 239,88,72,42,0 290,155,182,69,0 290,90,36,30,0 789,35,38,21,0 862,9,24,16,0 1123,177,58,26,0 1140,26,247,18,0 1076,123,48,19,0 1142,96,63,39,0 797,11,97,19,0 202,588,93,33,0 1184,128,27,19,0
/content/drive/My Drive/textdetection/dataset/train/Annotations/ICDAR2015_Train_img_225.jpg 716,261,42,38,0 764,241,60,57,0 177,496,31,14,0 193,490,21,20,0 195,268,40,15,0
/content/drive/My Drive/textdetection/dataset/train/Annotations/ICDAR2015_Train_img_498.jpg 717,54,108,41,0 898,290,316,37,0 721,228,82,40,0
/content/drive/My Drive/textdetection/dataset/train/Annotations/ICDAR2015_Train_img_493.jpg 417,564,64,41,0 350,553,68,39,0 195,528,50,36,0 259,539,63,38,0 302,545,40,22,0 146,519,50,38,0 95,512,45,40,0 196,603,37,24,0 260,616,93,26,0 936,303,71,17,0 934,318,58,15,0 542,585,38,36,0
/content/drive/My Drive/textdetection/dataset/train/Annotations/ICDAR2015_Train_img_677.jpg 577,50,30,10,0 528,59,23,12,0 1027,200,14,12,0 1048,201,34,21,0 1088,202,47,19,0 1005,200,31,19,0 856,84,129,68,0 978,199,27,19,0 360,53,22,22,0 411,50,29,14,0 434,49,18,12,0 447,51,13,7,0 461,50,21,13,0 423,58,53,9,0 533,49,37,13,0 556,49,11,11,0 557,60,38,12,0 522,79,12,12,0 542,80,26,14,0 568,79,27,13,0 210,146,23,16,0 241,145,33,15,0 276,144,30,14,0 224,131,25,14,0 247,132,21,14,0 268,131,16,10,0 221,161,16,14,0 253,161,46,14,0 256,264,36,13,0 286,262,26,15,0 249,276,64,14,0
/content/drive/My Drive/textdetection/dataset/train/Annotations/ICDAR2015_Train_img_537.jpg 162,446,214,195,0 109,606,109,50,0 220,571,130,43,0 173,671,36,29,0 216,654,58,27,0 872,102,81,37,0 892,120,51,10,0 762,76,44,22,0 746,129,57,19,0 37,428,122,54,0
/content/drive/My Drive/textdetection/dataset/train/Annotations/ICDAR2015_Train_img_594.jpg 280,230,153,43,0 318,549,121,31,0 343,588,54,25,0
/content/drive/My Drive/textdetection/dataset/train/Annotations/ICDAR2015_Train_img_711.jpg 1140,151,89,37,0 882,234,147,40,0 492,321,71,10,0 553,317,46,12,0
/content/drive/My Drive/textdetection/dataset/train/Annotations/ICDAR2015_Train_img_410.jpg 602,244,25,10,0 652,149,25,16,0 706,65,109,69,0 669,118,58,31,0 787,141,38,31,0 1044,193,84,25,0 458,249,34,24,0 1193,520,170,41,0 461,187,74,22,0 606,232,34,12,0 668,167,58,15,0 660,183,44,15,0 777,173,17,14,0 726,273,31,10,0 304,101,80,20,0 146,120,47,20,0 1069,100,89,25,0 1216,181,70,15,0 1240,590,60,14,0 788,189,36,12,0 806,275,28,22,0
/content/drive/My Drive/textdetection/dataset/train/Annotations/ICDAR2015_Train_img_455.jpg 481,52,43,25,0 685,540,164,34,0 679,494,60,17,0 680,473,102,26,0 687,577,56,19,0
/content/drive/My Drive/textdetection/dataset/train/Annotations/ICDAR2015_Train_img_402.jpg 782,351,89,20,0 741,299,58,24,0 805,265,86,20,0 758,192,84,57,0 821,173,36,30,0 821,202,37,23,0 724,156,27,17,0 747,153,26,19,0 573,158,68,60,0 583,259,54,21,0
/content/drive/My Drive/textdetection/dataset/train/Annotations/ICDAR2015_Train_img_992.jpg 786,637,95,75,0 647,212,24,21,0 454,233,118,33,0 538,230,42,20,0 602,225,82,33,0 1146,184,149,31,0 1122,157,98,17,0 561,630,83,74,0 351,641,87,81,0 166,639,80,67,0 332,353,81,60,0 850,403,28,13,0
/content/drive/My Drive/textdetection/dataset/train/Annotations/ICDAR2015_Train_img_91.jpg 170,333,151,37,0 205,573,90,24,0 283,543,60,20,0 411,389,44,32,0 469,418,225,68,0 407,205,131,25,0 415,232,184,24,0 163,304,29,12,0 164,362,26,22,0 191,354,28,19,0 206,403,126,90,0 287,494,62,9,0 360,275,28,13,0 315,293,96,17,0 295,236,17,12,0 423,257,163,24,0 488,465,118,11,0 929,220,86,77,0 982,105,89,40,0 1049,211,103,37,0 1091,105,52,48,0 1180,95,101,90,0 626,346,111,46,0 696,641,123,82,0 596,662,91,82,0
/content/drive/My Drive/textdetection/dataset/train/Annotations/ICDAR2015_Train_img_540.jpg 412,94,90,35,0 511,87,91,40,0 618,85,120,41,0 57,207,75,52,0
/content/drive/My Drive/textdetection/dataset/train/Annotations/ICDAR2015_Train_img_279.jpg 907,329,84,28,0 943,357,152,27,0 933,387,133,10,0
/content/drive/My Drive/textdetection/dataset/train/Annotations/ICDAR2015_Train_img_628.jpg 439,316,279,69,0 938,463,65,18,0 946,494,49,17,0 344,580,57,23,0 339,643,65,53,0 372,619,31,18,0 373,642,17,14,0 704,618,14,12,0 713,292,44,10,0
/content/drive/My Drive/textdetection/dataset/train/Annotations/ICDAR2015_Train_img_679.jpg 444,98,67,20,0 525,95,75,15,0 782,82,41,12,0 829,78,45,13,0 1090,45,82,40,0 1188,299,45,15,0 1233,312,65,15,0
/content/drive/My Drive/textdetection/dataset/train/Annotations/ICDAR2015_Train_img_945.jpg 591,57,28,13,0 1013,122,60,27,0 822,90,81,40,0 895,102,61,37,0 956,114,56,32,0 604,130,110,35,0 603,93,95,37,0 625,63,29,11,0 286,185,96,43,0 208,194,60,43,0 133,199,90,60,0 735,122,50,14,0 927,14,32,26,0 121,242,42,20,0
/content/drive/My Drive/textdetection/dataset/train/Annotations/ICDAR2015_Train_img_343.jpg 135,399,39,25,0 77,437,68,26,0 354,243,165,31,0 64,321,86,37,0 53,381,25,20,0 773,55,84,27,0 93,373,63,24,0 526,105,66,24,0 63,409,111,26,0 72,468,85,27,0 151,456,73,24,0 305,394,39,16,0 335,389,22,17,0 357,386,23,14,0 382,382,27,16,0 399,381,13,11,0 420,378,31,14,0
/content/drive/My Drive/textdetection/dataset/train/Annotations/ICDAR2015_Train_img_657.jpg 379,231,83,28,0 640,270,44,8,0 670,270,17,10,0 694,267,28,10,0 719,264,21,10,0 667,279,74,10,0 716,273,26,11,0 707,308,15,11,0 707,322,16,12,0 968,243,21,9,0 993,243,25,9,0 1014,242,14,9,0 1034,239,23,9,0 1006,251,69,11,0 1041,278,12,9,0 1040,288,12,12,0
/content/drive/My Drive/textdetection/dataset/train/Annotations/ICDAR2015_Train_img_138.jpg 258,298,48,19,0 319,292,69,15,0 394,283,56,15,0 887,223,42,11,0 917,222,17,10,0 941,217,31,12,0 198,445,41,11,0 199,457,35,12,0 1023,439,47,11,0 1058,436,17,9,0 1086,432,41,10,0 1126,427,36,9,0 1018,454,33,11,0 1054,449,40,9,0 1093,445,37,9,0 1131,440,38,9,0 1079,463,97,11,0 104,453,33,30,0
/content/drive/My Drive/textdetection/dataset/train/Annotations/ICDAR2015_Train_img_740.jpg 979,250,61,17,0 369,292,27,19,0 96,368,58,40,0
/content/drive/My Drive/textdetection/dataset/train/Annotations/ICDAR2015_Train_img_640.jpg 559,101,41,16,0 601,96,44,14,0 637,93,20,16,0 669,88,43,14,0 702,85,19,17,0 110,216,82,19,0 525,91,15,9,0 542,90,16,8,0 556,86,10,7,0 257,252,25,19,0 764,200,47,15,0 796,254,60,55,0 474,276,55,25,0
/content/drive/My Drive/textdetection/dataset/train/Annotations/ICDAR2015_Train_img_68.jpg 506,181,33,12,0 262,293,25,13,0 296,284,10,8,0 269,304,15,10,0 359,285,11,5,0 377,281,21,7,0 370,290,28,7,0 384,325,52,10,0 1122,369,34,10,0 1144,362,10,9,0 501,199,21,7,0 519,195,9,7,0 531,191,15,7,0 500,207,16,6,0 523,201,28,6,0 500,215,12,7,0 520,210,22,7,0 793,106,32,7,0 785,128,22,8,0 807,122,25,7,0 795,133,38,6,0 791,142,27,8,0 1077,79,33,10,0 1077,90,27,11,0
/content/drive/My Drive/textdetection/dataset/train/Annotations/ICDAR2015_Train_img_428.jpg 854,632,204,45,0 855,679,198,55,0
/content/drive/My Drive/textdetection/dataset/train/Annotations/ICDAR2015_Train_img_128.jpg 860,135,42,25,0 851,161,36,25,0 848,203,56,12,0 43,95,18,15,0
/content/drive/My Drive/textdetection/dataset/train/Annotations/ICDAR2015_Train_img_884.jpg 619,176,39,19,0 762,158,54,22,0 561,133,106,36,0 645,143,59,32,0 515,170,19,18,0 458,121,99,41,0 540,173,30,18,0 331,109,49,23,0 578,174,41,19,0 799,142,27,16,0 831,144,36,15,0 859,145,20,14,0 820,162,58,13,0 860,163,18,14,0 834,181,45,15,0 734,292,62,47,0 692,341,54,9,0 609,317,42,37,0 722,425,149,96,0 242,456,240,7,0
/content/drive/My Drive/textdetection/dataset/train/Annotations/ICDAR2015_Train_img_42.jpg 814,435,102,54,0 686,118,117,49,0 693,226,110,32,0 679,43,94,86,0 386,253,76,51,0 689,172,112,39,0 959,428,31,26,0 994,421,20,14,0 196,333,20,15,0 708,278,58,26,0 728,406,38,31,0
/content/drive/My Drive/textdetection/dataset/train/Annotations/ICDAR2015_Train_img_371.jpg 886,176,37,16,0 884,193,38,18,0 599,189,59,23,0 878,152,27,22,0 877,221,30,25,0 649,122,110,44,0 868,273,29,22,0 550,117,107,40,0 886,298,61,19,0 891,247,62,20,0 921,195,31,18,0 953,197,33,17,0 916,416,84,69,0 907,124,65,16,0 906,143,58,11,0 901,161,39,11,0 338,69,27,17,0 384,194,52,21,0 562,221,43,21,0
/content/drive/My Drive/textdetection/dataset/train/Annotations/ICDAR2015_Train_img_439.jpg 298,373,74,17,0 297,387,80,10,0 639,326,39,14,0 646,337,57,12,0 628,162,20,17,0 646,358,50,14,0 323,27,101,20,0 848,361,22,13,0 335,10,96,15,0
/content/drive/My Drive/textdetection/dataset/train/Annotations/ICDAR2015_Train_img_80.jpg 358,164,164,57,0 523,123,148,52,0 710,76,199,52,0 452,207,112,29,0 563,181,106,29,0 662,156,84,26,0 755,132,85,25,0 246,198,35,28,0 314,242,129,17,0 694,328,35,13,0 734,319,25,13,0 465,344,29,17,0 507,332,54,16,0 642,289,131,22,0
/content/drive/My Drive/textdetection/dataset/train/Annotations/ICDAR2015_Train_img_858.jpg 285,53,107,43,0 361,110,76,38,0 458,304,49,26,0 452,331,25,22,0 55,280,64,34,0 938,585,111,84,0 802,178,50,45,0 988,10,86,31,0 509,209,53,20,0 853,553,66,51,0
/content/drive/My Drive/textdetection/dataset/train/Annotations/ICDAR2015_Train_img_38.jpg 853,397,55,36,0 927,418,89,41,0 1042,449,143,46,0 915,461,87,43,0 1178,488,128,52,0 1098,524,295,53,0 822,266,167,25,0
/content/drive/My Drive/textdetection/dataset/train/Annotations/ICDAR2015_Train_img_572.jpg 556,221,51,13,0 41,287,83,28,0 711,90,52,18,0 437,226,57,13,0 37,266,64,24,0 553,205,92,19,0 93,325,59,39,0 879,124,55,19,0 914,73,74,19,0 1038,103,64,22,0 1071,40,70,18,0 996,187,122,15,0
/content/drive/My Drive/textdetection/dataset/train/Annotations/ICDAR2015_Train_img_157.jpg 739,366,8,7,0 720,367,14,6,0 740,380,25,9,0 701,347,40,8,0 735,445,46,14,0 714,382,15,9,0 689,361,13,8,0 427,319,37,34,0 709,360,24,7,0 738,359,31,8,0 696,369,34,9,0 731,366,7,6,0 750,365,13,7,0 698,383,14,8,0 745,514,37,6,0 726,527,7,4,0 758,523,29,7,0 767,529,11,5,0 730,533,15,7,0 731,544,13,9,0 761,541,28,6,0 423,249,34,33,0
/content/drive/My Drive/textdetection/dataset/train/Annotations/ICDAR2015_Train_img_863.jpg 214,64,56,22,0 212,87,54,20,0 297,102,108,50,0 394,143,73,37,0 445,159,25,17,0 446,173,30,17,0 192,347,28,15,0 270,265,41,15,0 692,149,24,14,0 851,157,94,44,0 352,341,205,18,0 514,213,198,25,0 930,206,74,13,0 959,195,52,13,0 1062,179,74,23,0 854,227,51,10,0 127,218,90,32,0 406,297,34,17,0
/content/drive/My Drive/textdetection/dataset/train/Annotations/ICDAR2015_Train_img_12.jpg 446,248,60,9,0 488,259,133,17,0 555,150,75,20,0 619,154,48,17,0 658,156,26,16,0 498,147,35,22,0 686,158,27,15,0 444,193,72,32,0 706,159,15,12,0 664,191,32,23,0 725,161,25,17,0 791,189,32,19,0 451,219,74,16,0 471,234,114,16,0 463,280,81,19,0 477,294,69,15,0 484,309,45,15,0 503,320,42,18,0 699,284,175,67,0 803,244,80,49,0 848,190,42,33,0 1005,176,67,52,0 897,220,71,22,0 883,312,43,23,0 881,408,43,18,0 787,394,32,22,0 972,502,38,21,0
/content/drive/My Drive/textdetection/dataset/train/Annotations/ICDAR2015_Train_img_108.jpg 474,321,41,10,0 445,336,60,13,0 428,276,20,12,0 457,278,31,12,0 513,279,73,12,0 488,252,65,10,0 443,292,41,10,0 436,250,33,11,0 493,293,39,10,0 444,306,59,11,0 498,307,41,11,0 531,308,20,11,0 430,321,26,12,0 495,337,16,10,0 523,337,30,13,0 437,351,43,12,0 482,351,41,12,0 431,365,35,11,0 425,379,19,13,0 452,380,27,12,0 490,381,42,15,0 527,380,30,15,0 434,395,43,14,0 476,395,41,15,0 456,425,86,23,0
/content/drive/My Drive/textdetection/dataset/train/Annotations/ICDAR2015_Train_img_144.jpg 233,222,43,13,0 262,223,15,13,0 236,381,42,16,0 267,379,20,15,0
/content/drive/My Drive/textdetection/dataset/train/Annotations/ICDAR2015_Train_img_192.jpg 755,43,35,19,0 802,46,50,15,0 846,49,36,17,0 756,294,36,36,0
/content/drive/My Drive/textdetection/dataset/train/Annotations/ICDAR2015_Train_img_998.jpg 819,247,60,25,0 690,221,26,19,0 665,177,99,44,0 639,209,25,23,0 663,217,29,25,0 194,154,273,72,0 546,176,110,37,0 742,221,59,25,0 465,590,32,14,0 469,608,42,20,0 923,639,63,50,0 452,170,64,56,0 54,237,33,16,0 924,199,34,26,0
/content/drive/My Drive/textdetection/dataset/train/Annotations/ICDAR2015_Train_img_941.jpg 52,381,81,42,0 201,359,42,31,0 53,618,119,87,0 188,527,190,109,0 142,651,145,37,0 237,585,86,30,0 398,149,66,33,0 303,85,163,87,0 506,204,69,37,0 800,223,59,32,0 49,715,61,30,0
/content/drive/My Drive/textdetection/dataset/train/Annotations/ICDAR2015_Train_img_560.jpg 450,268,79,30,0 525,174,60,17,0 327,163,26,19,0 365,157,63,24,0 411,152,28,23,0 254,171,117,39,0 476,142,103,26,0 48,200,84,23,0 264,270,95,30,0 266,288,89,11,0 886,267,72,21,0 1018,268,104,23,0 1090,269,40,17,0 1147,267,69,18,0 132,262,43,20,0 945,514,81,17,0 829,213,35,23,0
/content/drive/My Drive/textdetection/dataset/train/Annotations/ICDAR2015_Train_img_914.jpg 655,235,68,31,0 750,202,129,39,0 796,159,36,13,0 801,242,26,15,0 516,292,42,31,0 559,281,44,32,0 856,186,26,13,0 886,173,28,15,0 920,172,25,14,0 856,197,19,10,0 884,187,23,19,0 917,185,21,14,0 275,359,32,10,0
/content/drive/My Drive/textdetection/dataset/train/Annotations/ICDAR2015_Train_img_375.jpg 685,174,249,63,0 1154,283,197,45,0 1132,330,142,47,0 1118,376,117,39,0 1127,421,131,15,0
/content/drive/My Drive/textdetection/dataset/train/Annotations/ICDAR2015_Train_img_277.jpg 344,305,109,27,0 425,292,54,23,0 403,203,67,27,0 453,205,29,25,0 497,204,52,23,0 275,197,177,68,0
,166,89,29,0
/content/drive/My Drive/textdetection/dataset/train/Annotations/ICDAR2015_Train_img_904.jpg 94,499,182,79,0 106,586,185,86,0 700,34,170,57,0 422,100,60,17,0 176,404,53,41,0 1219,191,104,32,0
/content/drive/My Drive/textdetection/dataset/train/Annotations/ICDAR2015_Train_img_657.jpg 379,231,83,28,0 640,270,44,8,0 670,270,17,10,0 694,267,28,10,0 719,264,21,10,0 667,279,74,10,0 716,273,26,11,0 707,308,15,11,0 707,322,16,12,0 968,243,21,9,0 993,243,25,9,0 1014,242,14,9,0 1034,239,23,9,0 1006,251,69,11,0 1041,278,12,9,0 1040,288,12,12,0
/content/drive/My Drive/textdetection/dataset/train/Annotations/ICDAR2015_Train_img_843.jpg 954,253,99,29,0 1068,662,55,36,0 925,432,297,177,0 376,300,124,17,0 378,637,56,31,0 365,321,40,11,0 393,319,15,11,0 402,327,49,13,0 418,493,25,16,0 347,496,56,10,0 948,379,332,27,0 934,427,267,42,0
/content/drive/My Drive/textdetection/dataset/train/Annotations/ICDAR2015_Train_img_773.jpg 87,126,163,52,0 814,335,130,45,0 814,502,134,55,0 807,546,61,23,0 869,550,45,28,0 924,558,51,29,0 897,486,104,38,0 792,444,92,53,0 845,409,70,28,0 895,311,94,35,0 794,287,93,46,0 845,246,70,27,0 807,377,63,20,0 866,375,48,25,0 919,373,53,29,0 850,216,199,23,0 780,254,57,33,0 914,238,71,40,0 776,411,56,37,0 917,409,73,44,0 850,447,36,15,0 867,449,37,18,0 932,283,42,33,0 933,333,52,34,0 936,459,43,34,0 938,512,58,35,0 759,539,26,21,0 759,375,25,22,0 850,281,31,20,0 868,280,33,18,0
/content/drive/My Drive/textdetection/dataset/train/Annotations/ICDAR2015_Train_img_95.jpg 607,32,141,31,0 571,60,66,24,0 624,57,30,28,0 558,89,38,25,0 614,88,62,28,0 707,472,23,16,0 706,501,25,15,0 707,531,21,15,0 780,86,61,25,0 852,81,65,30,0 926,84,59,26,0 749,62,31,8,0 847,115,61,7,0 993,80,47,31,0 842,8,47,38,0 965,11,44,17,0 678,227,126,42,0 1078,277,58,19,0 1099,307,25,19,0 1049,302,60,20,0 696,441,66,17,0 722,470,10,10,0 721,499,11,10,0 721,528,10,10,0 723,478,17,5,0 723,510,16,8,0 724,538,18,8,0 677,496,79,38,0 617,446,48,20,0 562,433,41,25,0 621,531,47,15,0 564,512,42,15,0 514,378,32,23,0 503,308,29,24,0 79,99,136,104,0 171,39,54,13,0 219,40,45,9,0 179,73,61,15,0 231,115,29,5,0 17,249,33,19,0 10,334,21,13,0 290,246,22,11,0 1019,137,21,18,0 596,4,122,7,0 1165,11,215,21,0
/content/drive/My Drive/textdetection/dataset/train/Annotations/ICDAR2015_Train_img_403.jpg 118,141,28,20,0 153,126,34,21,0 217,90,29,28,0 270,65,91,34,0 507,28,49,19,0 460,27,54,44,0 1005,247,37,15,0
/content/drive/My Drive/textdetection/dataset/train/Annotations/ICDAR2015_Train_img_140.jpg 92,304,34,33,0 105,360,32,25,0 132,288,15,9,0 150,282,15,13,0 186,274,51,11,0 234,263,41,12,0 272,255,27,8,0 229,297,67,10,0 220,250,79,10,0 142,337,14,11,0 146,358,15,12,0 160,332,15,13,0 165,352,15,13,0 189,324,36,14,0 222,318,24,14,0 201,343,52,14,0 254,331,53,15,0 307,308,29,6,0 310,314,15,5,0 326,309,17,5,0 318,318,30,6,0 149,370,16,6,0 169,365,13,5,0 190,360,17,6,0 202,356,7,6,0 214,353,15,6,0 233,349,15,6,0 251,345,18,6,0 267,340,9,4,0 282,336,19,6,0 302,331,18,7,0 327,324,27,6,0
/content/drive/My Drive/textdetection/dataset/train/Annotations/ICDAR2015_Train_img_841.jpg 253,134,123,45,0 290,197,214,76,0 975,406,35,17,0 1049,338,20,15,0 1097,312,43,14,0
/content/drive/My Drive/textdetection/dataset/train/Annotations/ICDAR2015_Train_img_731.jpg 1169,156,44,23,0 395,207,47,13,0 1166,191,112,24,0 1177,89,32,26,0 1206,93,22,17,0 1217,149,53,25,0 448,23,210,39,0 321,210,60,14,0 361,208,21,15,0 371,221,78,14,0 1255,184,45,26,0 1257,144,35,26,0
/content/drive/My Drive/textdetection/dataset/train/Annotations/ICDAR2015_Train_img_506.jpg 777,508,98,27,0 748,533,72,28,0 748,334,81,29,0 801,377,30,15,0 834,374,38,20,0 779,307,100,27,0 754,485,95,34,0 756,276,100,40,0 753,674,87,34,0 768,699,88,24,0 812,576,70,19,0 809,150,104,23,0 807,335,38,12,0 810,229,116,23,0 807,340,59,43,0
/content/drive/My Drive/textdetection/dataset/train/Annotations/ICDAR2015_Train_img_146.jpg 1013,264,58,20,0 1068,250,56,19,0 996,170,77,19,0 1051,153,35,18,0 983,207,32,17,0 383,61,38,30,0 1034,192,72,21,0 320,57,75,31,0 999,236,50,20,0 1042,225,34,19,0 1076,216,27,16,0 1048,291,50,19,0 873,269,16,11,0 904,261,49,11,0 906,276,79,11,0 538,507,18,9,0 538,521,34,13,0 296,423,22,17,0 319,418,23,20,0 300,441,24,16,0 324,437,24,17,0
/content/drive/My Drive/textdetection/dataset/train/Annotations/ICDAR2015_Train_img_251.jpg 85,251,65,15,0
/content/drive/My Drive/textdetection/dataset/train/Annotations/ICDAR2015_Train_img_759.jpg 709,304,59,29,0 790,299,85,27,0 263,345,54,20,0 748,238,153,21,0
/content/drive/My Drive/textdetection/dataset/train/Annotations/ICDAR2015_Train_img_208.jpg 1168,462,37,19,0 442,391,128,14,0 838,556,73,10,0 840,566,43,8,0 777,508,62,11,0 442,373,128,28,0 1060,535,94,14,0 1164,531,66,18,0 1186,486,52,13,0 1214,486,52,12,0 1079,529,74,15,0
/content/drive/My Drive/textdetection/dataset/train/Annotations/ICDAR2015_Train_img_906.jpg 1158,101,164,71,0 1255,57,78,49,0 1218,269,43,20,0 1214,249,49,20,0 1225,297,51,27,0
/content/drive/My Drive/textdetection/dataset/train/Annotations/ICDAR2015_Train_img_499.jpg 1170,97,104,49,0 1256,89,46,43,0 453,227,20,12,0 1077,448,49,16,0
/content/drive/My Drive/textdetection/dataset/train/Annotations/ICDAR2015_Train_img_511.jpg 972,384,28,19,0 1126,157,42,16,0 589,113,33,21,0 664,118,38,21,0 816,119,49,25,0 232,196,26,19,0 882,123,46,20,0 107,229,38,16,0 1144,210,71,28,0 768,333,20,19,0 585,297,49,15,0 720,322,56,21,0 903,369,76,25,0 492,271,38,17,0 416,256,32,14,0 422,229,28,20,0
/content/drive/My Drive/textdetection/dataset/train/Annotations/ICDAR2015_Train_img_626.jpg 726,241,194,83,0 684,397,77,31,0 113,488,193,60,0 46,545,87,34,0 170,539,144,32,0 103,599,156,53,0 258,403,52,31,0 299,516,39,22,0 321,409,42,30,0
/content/drive/My Drive/textdetection/dataset/train/Annotations/ICDAR2015_Train_img_978.jpg 405,365,80,17,0 59,556,118,24,0 64,627,121,24,0 60,591,121,24,0 63,680,98,21,0 387,401,43,16,0 432,397,42,13,0 393,422,51,15,0 387,444,39,13,0 386,466,41,13,0 421,458,28,16,0 477,392,26,16,0 506,390,35,13,0 482,410,33,16,0 516,404,39,16,0 473,428,19,16,0 498,425,30,13,0 756,353,133,36,0 659,173,48,21,0 1113,92,61,20,0 76,711,71,19,0
/content/drive/My Drive/textdetection/dataset/train/Annotations/ICDAR2015_Train_img_304.jpg 657,517,31,18,0 712,128,96,13,0 1025,589,85,18,0 1099,606,56,19,0 702,94,31,23,0 1162,324,107,21,0 679,303,29,20,0 1082,292,139,35,0 713,140,76,12,0 681,330,73,11,0 677,340,56,13,0 674,354,44,13,0 658,545,71,14,0 669,560,100,14,0 669,574,77,13,0
/content/drive/My Drive/textdetection/dataset/train/Annotations/ICDAR2015_Train_img_689.jpg 92,240,173,51,0 7,287,17,10,0 60,280,92,15,0 122,273,25,20,0 156,268,43,15,0 651,149,109,33,0 241,593,426,167,0 529,433,88,25,0
/content/drive/My Drive/textdetection/dataset/train/Annotations/ICDAR2015_Train_img_992.jpg 786,637,95,75,0 647,212,24,21,0 454,233,118,33,0 538,230,42,20,0 602,225,82,33,0 1146,184,149,31,0 1122,157,98,17,0 561,630,83,74,0 351,641,87,81,0 166,639,80,67,0 332,353,81,60,0 850,403,28,13,0
/content/drive/My Drive/textdetection/dataset/train/Annotations/ICDAR2015_Train_img_225.jpg 716,261,42,38,0 764,241,60,57,0 177,496,31,14,0 193,490,21,20,0 195,268,40,15,0
/content/drive/My Drive/textdetection/dataset/train/Annotations/ICDAR2015_Train_img_289.jpg 1055,68,103,28,0 595,230,61,59,0 848,294,91,28,0 1161,342,52,17,0 1241,355,42,14,0 670,269,109,29,0 1169,234,135,20,0 1102,135,19,11,0 886,52,100,21,0 774,47,36,22,0 913,69,39,9,0 1049,83,53,8,0 913,112,13,13,0 429,155,26,9,0
/content/drive/My Drive/textdetection/dataset/train/Annotations/ICDAR2015_Train_img_462.jpg 764,172,37,14,0 648,189,35,13,0 641,295,63,13,0 451,304,89,10,0 861,263,45,15,0 571,300,53,20,0 896,260,31,16,0 920,113,55,26,0 603,298,16,15,0 569,194,43,13,0 603,192,33,14,0 625,190,16,13,0 476,197,69,22,0 321,204,68,22,0 731,594,47,17,0 863,143,46,16,0 521,45,63,20,0 537,86,64,22,0 322,84,67,21,0 256,49,50,15,0 328,18,47,17,0 528,9,74,10,0 546,30,84,9,0 557,66,54,13,0 401,355,49,16,0 737,609,50,9,0 140,200,67,20,0 40,170,54,22,0
/content/drive/My Drive/textdetection/dataset/train/Annotations/ICDAR2015_Train_img_891.jpg 691,121,35,19,0 607,101,77,20,0 690,62,78,20,0 557,55,79,25,0 592,32,143,21,0 634,75,81,22,0 521,11,20,10,0 400,50,27,12,0 447,61,85,25,0 530,82,84,22,0 660,113,32,19,0 550,304,85,30,0 524,376,21,13,0 558,377,45,15,0 542,451,57,12,0 63,202,58,11,0 1122,242,87,39,0 1120,266,87,11,0 1079,417,35,19,0 811,424,43,17,0 540,216,113,16,0
/content/drive/My Drive/textdetection/dataset/train/Annotations/ICDAR2015_Train_img_962.jpg 433,142,55,19,0 481,149,43,18,0 525,154,48,17,0 507,30,33,15,0 536,30,23,15,0 535,75,24,10,0 527,70,14,6,0 545,68,13,10,0 311,55,17,9,0 370,57,19,7,0
/content/drive/My Drive/textdetection/dataset/train/Annotations/ICDAR2015_Train_img_326.jpg 125,459,277,135,0 145,674,79,68,0 596,465,149,140,0 664,383,66,40,0 677,451,53,33,0 539,60,76,41,0 610,33,53,36,0
/content/drive/My Drive/textdetection/dataset/train/Annotations/ICDAR2015_Train_img_1000.jpg 522,229,68,32,0 46,372,85,31,0 56,401,14,14,0 279,238,24,18,0
/content/drive/My Drive/textdetection/dataset/train/Annotations/ICDAR2015_Train_img_793.jpg 181,407,328,54,0 155,630,74,56,0 857,445,74,20,0 824,444,42,15,0
/content/drive/My Drive/textdetection/dataset/train/Annotations/ICDAR2015_Train_img_894.jpg 767,266,29,11,0 774,275,47,11,0 775,283,66,20,0 1216,237,26,12,0
/content/drive/My Drive/textdetection/dataset/train/Annotations/ICDAR2015_Train_img_935.jpg 472,177,150,63,0 404,248,131,25,0 564,192,186,32,0 711,143,63,25,0
/content/drive/My Drive/textdetection/dataset/train/Annotations/ICDAR2015_Train_img_579.jpg 443,144,94,18,0 705,320,68,39,0 800,128,46,10,0 875,123,39,13,0
/content/drive/My Drive/textdetection/dataset/train/Annotations/ICDAR2015_Train_img_992.jpg 786,637,95,75,0 647,212,24,21,0 454,233,118,33,0 538,230,42,20,0 602,225,82,33,0 1146,184,149,31,0 1122,157,98,17,0 561,630,83,74,0 351,641,87,81,0 166,639,80,67,0 332,353,81,60,0 850,403,28,13,0
/content/drive/My Drive/textdetection/dataset/train/Annotations/ICDAR2015_Train_img_338.jpg 254,200,157,36,0 272,243,93,16,0 80,164,77,18,0 636,51,180,42,0 894,138,71,13,0
/content/drive/My Drive/textdetection/dataset/train/Annotations/ICDAR2015_Train_img_112.jpg 814,183,108,22,0 802,143,31,14,0 829,125,26,13,0 880,147,23,14,0 1054,158,19,13,0 1188,222,40,26,0 1220,212,23,15,0 1202,250,53,25,0 1184,158,90,20,0 759,217,15,14,0 719,339,41,15,0 740,439,21,19,0 703,445,35,18,0 725,442,17,8,0 701,375,83,14,0 688,394,60,13,0 664,359,25,15,0 761,483,39,28,0 722,463,58,7,0 723,485,30,21,0 1255,200,44,24,0 1253,234,44,22,0 1192,172,85,10,0
/content/drive/My Drive/textdetection/dataset/train/Annotations/ICDAR2015_Train_img_707.jpg 497,109,71,32,0 555,85,51,34,0 497,53,99,61,0 578,13,61,26,0
/content/drive/My Drive/textdetection/dataset/train/Annotations/ICDAR2015_Train_img_974.jpg 712,224,70,18,0 763,218,34,19,0 816,213,67,18,0 867,345,95,76,0 1038,295,48,13,0 315,265,156,29,0
/content/drive/My Drive/textdetection/dataset/train/Annotations/ICDAR2015_Train_img_790.jpg 594,189,622,76,0 310,463,77,34,0 158,377,38,20,0 152,439,51,11,0 84,358,29,10,0
/content/drive/My Drive/textdetection/dataset/train/Annotations/ICDAR2015_Train_img_200.jpg 820,301,64,33,0 823,488,76,14,0 786,504,20,9,0 779,520,11,10,0 840,507,61,11,0 846,523,49,12,0 788,534,29,14,0 841,538,17,9,0 862,538,17,11,0 822,552,67,10,0
/content/drive/My Drive/textdetection/dataset/train/Annotations/ICDAR2015_Train_img_211.jpg 456,127,82,40,0
/content/drive/My Drive/textdetection/dataset/train/Annotations/ICDAR2015_Train_img_711.jpg 1140,151,89,37,0 882,234,147,40,0 492,321,71,10,0 553,317,46,12,0
/content/drive/My Drive/textdetection/dataset/train/Annotations/ICDAR2015_Train_img_549.jpg 311,155,243,78,0 751,370,116,62,0 809,248,104,17,0
/content/drive/My Drive/textdetection/dataset/train/Annotations/ICDAR2015_Train_img_986.jpg 159,212,81,63,0 45,310,83,22,0 604,351,65,61,0 1147,629,245,46,0 1138,662,167,29,0
/content/drive/My Drive/textdetection/dataset/train/Annotations/ICDAR2015_Train_img_512.jpg 182,174,169,30,0 414,217,88,16,0 553,209,64,15,0 38,251,47,15,0 849,605,60,31,0 860,639,49,21,0 851,568,44,21,0
/content/drive/My Drive/textdetection/dataset/train/Annotations/ICDAR2015_Train_img_113.jpg 33,610,58,32,0 865,577,121,23,0 413,390,77,30,0 485,377,27,27,0 527,367,46,19,0 337,408,56,38,0 568,358,19,19,0 433,270,263,80,0 587,353,18,16,0 657,168,56,48,0 758,158,128,18,0 1092,140,100,27,0 849,253,17,10,0 35,275,62,22,0 896,251,81,17,0 70,182,133,58,0 72,353,108,30,0 68,436,111,30,0 29,522,60,28,0 1007,579,121,20,0 1053,119,23,11,0 1091,115,55,10,0 1132,113,26,11,0 841,275,38,17,0 891,272,59,14,0 942,271,41,14,0 910,291,64,16,0 860,292,37,15,0 1120,573,68,12,0 1103,276,112,38,0 1113,319,124,36,0 898,326,129,36,0 948,421,89,29,0 888,503,125,14,0 29,699,37,27,0 1121,560,23,15,0
/content/drive/My Drive/textdetection/dataset/train/Annotations/ICDAR2015_Train_img_441.jpg 451,152,83,34,0 101,186,53,25,0 739,372,29,13,0 1093,374,63,25,0
/content/drive/My Drive/textdetection/dataset/train/Annotations/ICDAR2015_Train_img_488.jpg 653,193,41,19,0 698,174,53,18,0 753,153,66,22,0 817,127,71,25,0 625,205,23,17,0 597,217,42,15,0 1108,41,66,31,0 1165,21,47,30,0 621,176,92,30,0 756,111,194,41,0
/content/drive/My Drive/textdetection/dataset/train/Annotations/ICDAR2015_Train_img_236.jpg 499,369,32,16,0 599,358,59,18,0 494,323,67,29,0 581,327,109,30,0 477,349,26,15,0 753,313,61,46,0 502,351,28,16,0 711,27,190,22,0 525,353,18,16,0 551,355,35,15,0 474,367,18,16,0 534,371,37,17,0 560,373,16,13,0 578,373,25,17,0 737,558,33,17,0 761,563,19,17,0 731,575,41,17,0 769,583,32,20,0 747,595,33,17,0 608,515,79,11,0
/content/drive/My Drive/textdetection/dataset/train/Annotations/ICDAR2015_Train_img_323.jpg 673,47,40,27,0 702,35,30,24,0 1071,583,103,21,0 1082,609,75,22,0 623,68,26,11,0 1053,553,140,22,0 643,60,24,24,0 1231,625,93,60,0 720,72,30,18,0 742,64,32,26,0 816,40,120,39,0 443,143,59,13,0 462,156,47,18,0 847,132,50,24,0 277,182,30,16,0 770,9,74,41,0 916,9,71,15,0 957,6,14,13,0 561,387,74,44,0
/content/drive/My Drive/textdetection/dataset/train/Annotations/ICDAR2015_Train_img_281.jpg 316,205,41,19,0 330,222,54,19,0 457,262,56,9,0 458,271,41,9,0
/content/drive/My Drive/textdetection/dataset/train/Annotations/ICDAR2015_Train_img_991.jpg 266,379,24,19,0 286,80,47,26,0 568,145,87,19,0 545,169,35,20,0 586,164,51,17,0 531,125,26,20,0 577,122,66,25,0 545,239,58,29,0 271,300,67,46,0 289,107,44,19,0 322,98,27,12,0 336,100,19,12,0 339,130,33,14,0 204,227,53,13,0 323,359,26,19,0 621,232,48,25,0 282,396,48,13,0
/content/drive/My Drive/textdetection/dataset/train/Annotations/ICDAR2015_Train_img_861.jpg 93,62,118,74,0 105,100,71,13,0 1095,35,122,14,0 1071,387,81,21,0 1148,385,68,24,0 1108,410,67,12,0 1079,425,78,13,0 1147,422,59,14,0 1111,436,92,10,0
/content/drive/My Drive/textdetection/dataset/train/Annotations/ICDAR2015_Train_img_37.jpg 160,241,98,48,0 271,232,69,40,0 247,282,108,40,0 1011,433,39,10,0 835,220,28,18,0 997,197,32,20,0 141,181,27,13,0
/content/drive/My Drive/textdetection/dataset/train/Annotations/ICDAR2015_Train_img_732.jpg 879,117,44,16,0 501,211,58,9,0 485,250,58,16,0 456,264,83,16,0 510,205,69,8,0 447,248,22,18,0 400,248,71,17,0 928,104,55,18,0 890,130,71,16,0 898,159,83,17,0 921,173,130,18,0 1006,160,41,17,0
/content/drive/My Drive/textdetection/dataset/train/Annotations/ICDAR2015_Train_img_298.jpg 148,29,57,54,0 221,30,93,50,0 208,80,158,47,0 359,596,133,41,0 708,50,59,26,0 674,52,18,15,0 685,100,122,13,0 689,114,120,14,0
/content/drive/My Drive/textdetection/dataset/train/Annotations/ICDAR2015_Train_img_195.jpg 434,104,203,34,0 603,92,36,21,0 640,94,34,22,0 605,115,52,18,0 617,300,50,26,0 639,354,57,26,0 635,419,70,32,0 721,133,98,44,0 722,192,45,20,0 1089,135,60,18,0 1089,173,19,17,0 35,187,27,6,0 154,188,23,13,0 178,188,22,11,0 203,188,24,12,0 624,321,58,10,0 651,335,36,8,0 617,380,37,10,0 645,393,49,12,0
/content/drive/My Drive/textdetection/dataset/train/Annotations/ICDAR2015_Train_img_588.jpg 346,201,156,57,0 338,275,128,59,0 444,249,52,20,0 437,306,51,51,0 473,289,36,31,0 478,316,25,20,0 59,212,35,12,0 61,225,34,16,0 61,240,36,19,0 1017,34,133,39,0 1022,61,119,15,0 714,131,44,37,0 760,135,50,37,0 895,146,48,25,0 982,21,42,12,0
/content/drive/My Drive/textdetection/dataset/train/Annotations/ICDAR2015_Train_img_306.jpg 62,176,123,37,0 715,91,139,37,0 502,128,67,10,0 298,39,41,29,0 1106,11,99,18,0 1201,0,74,1,0 1252,36,44,9,0 737,171,28,9,0
/content/drive/My Drive/textdetection/dataset/train/Annotations/ICDAR2015_Train_img_741.jpg 50,152,80,59,0 43,331,57,16,0 44,352,69,15,0 50,382,62,37,0
/content/drive/My Drive/textdetection/dataset/train/Annotations/ICDAR2015_Train_img_404.jpg 15,29,42,30,0 141,41,147,35,0 675,99,169,37,0 979,125,78,22,0 303,151,75,18,0
/content/drive/My Drive/textdetection/dataset/train/Annotations/ICDAR2015_Train_img_257.jpg 722,564,14,12,0 701,548,37,13,0 711,482,61,12,0 658,503,18,14,0 684,504,31,14,0 665,479,33,13,0 737,507,73,13,0 854,271,62,13,0 673,518,50,12,0 718,521,37,13,0 674,532,54,15,0 723,535,37,13,0 754,538,22,13,0 661,546,25,13,0 675,561,53,12,0 747,566,29,14,0 666,574,40,13,0 708,576,42,14,0 662,587,32,12,0 657,603,21,15,0 682,603,26,14,0 715,606,41,14,0 750,610,32,18,0 666,617,37,15,0 704,620,40,13,0 656,643,17,8,0 695,645,63,9,0 669,653,45,9,0
/content/drive/My Drive/textdetection/dataset/train/Annotations/ICDAR2015_Train_img_637.jpg 777,87,48,32,0 822,71,42,32,0 742,134,30,28,0 763,128,25,15,0 802,115,65,30,0 865,98,54,35,0 774,161,61,32,0 833,148,55,33,0 722,223,39,18,0 757,218,35,17,0 787,217,23,18,0 830,214,65,22,0 898,208,68,23,0 768,241,40,20,0 805,239,30,18,0 836,238,30,20,0
/content/drive/My Drive/textdetection/dataset/train/Annotations/ICDAR2015_Train_img_207.jpg 608,191,30,15,0
/content/drive/My Drive/textdetection/dataset/train/Annotations/ICDAR2015_Train_img_678.jpg 628,247,252,61,0 749,133,36,14,0 892,174,35,20,0 928,166,40,17,0 977,157,70,19,0 917,186,56,19,0 976,172,64,13,0 640,335,63,19,0 1039,81,22,10,0
/content/drive/My Drive/textdetection/dataset/train/Annotations/ICDAR2015_Train_img_618.jpg 575,185,28,15,0 577,191,65,47,0 199,168,33,16,0 210,120,37,32,0 1104,22,107,26,0 1120,174,147,39,0 1126,219,107,42,0 1132,266,90,35,0 1134,313,134,39,0 1138,357,142,39,0 1102,410,81,40,0 1183,398,78,38,0 1146,449,147,39,0
/content/drive/My Drive/textdetection/dataset/train/Annotations/ICDAR2015_Train_img_308.jpg 105,101,200,31,0 781,128,73,41,0 594,50,68,27,0 667,34,78,30,0 433,84,61,25,0
/content/drive/My Drive/textdetection/dataset/train/Annotations/ICDAR2015_Train_img_498.jpg 717,54,108,41,0 898,290,316,37,0 721,228,82,40,0
/content/drive/My Drive/textdetection/dataset/train/Annotations/ICDAR2015_Train_img_781.jpg 520,532,108,68,0 1216,233,40,21,0 1218,258,71,24,0 1226,279,63,27,0 1214,383,64,29,0 1208,412,42,29,0 1237,405,24,23,0 828,170,37,21,0 944,301,35,30,0 949,330,37,30,0
/content/drive/My Drive/textdetection/dataset/train/Annotations/ICDAR2015_Train_img_298.jpg 148,29,57,54,0 221,30,93,50,0 208,80,158,47,0 359,596,133,41,0 708,50,59,26,0 674,52,18,15,0 685,100,122,13,0 689,114,120,14,0
/content/drive/My Drive/textdetection/dataset/train/Annotations/ICDAR2015_Train_img_716.jpg 1170,116,225,91,0 712,257,31,18,0 747,237,42,22,0 314,322,283,11,0
/content/drive/My Drive/textdetection/dataset/train/Annotations/ICDAR2015_Train_img_477.jpg 486,64,57,30,0 560,75,107,31,0 482,95,51,27,0 559,109,109,42,0 827,110,103,21,0 473,138,35,16,0 499,136,26,13,0 527,133,28,13,0 373,427,83,33,0 1052,106,40,18,0
/content/drive/My Drive/textdetection/dataset/train/Annotations/ICDAR2015_Train_img_686.jpg 120,266,116,37,0 447,294,51,21,0 442,313,36,15,0 477,310,31,12,0 447,330,43,16,0
/content/drive/My Drive/textdetection/dataset/train/Annotations/ICDAR2015_Train_img_169.jpg 93,141,48,22,0 402,431,73,21,0 865,147,23,7,0 881,146,11,8,0 893,146,15,8,0 908,144,16,9,0 39,201,37,16,0
/content/drive/My Drive/textdetection/dataset/train/Annotations/ICDAR2015_Train_img_999.jpg 45,465,71,47,0 201,689,39,38,0 72,614,38,33,0 126,593,69,41,0 123,645,157,38,0 122,694,124,32,0 32,699,58,31,0 334,639,89,28,0 350,658,84,23,0 339,680,70,21,0 30,643,60,31,0 518,58,60,16,0 352,495,70,37,0
/content/drive/My Drive/textdetection/dataset/train/Annotations/ICDAR2015_Train_img_387.jpg 444,296,98,45,0 1135,406,56,35,0 1077,347,48,19,0 1119,350,26,21,0 1089,368,50,20,0 1116,298,80,31,0 1103,414,27,17,0 923,80,88,62,0 921,123,83,32,0 750,356,44,13,0 747,370,25,13,0 350,124,48,18,0 305,247,70,18,0
/content/drive/My Drive/textdetection/dataset/train/Annotations/ICDAR2015_Train_img_208.jpg 1168,462,37,19,0 442,391,128,14,0 838,556,73,10,0 840,566,43,8,0 777,508,62,11,0 442,373,128,28,0 1060,535,94,14,0 1164,531,66,18,0 1186,486,52,13,0 1214,486,52,12,0 1079,529,74,15,0
/content/drive/My Drive/textdetection/dataset/train/Annotations/ICDAR2015_Train_img_223.jpg 286,224,78,44,0
/content/drive/My Drive/textdetection/dataset/train/Annotations/ICDAR2015_Train_img_66.jpg 976,266,36,17,0 1032,255,81,26,0 987,130,38,23,0 1024,343,54,15,0 1072,141,45,15,0 713,265,49,30,0
/content/drive/My Drive/textdetection/dataset/train/Annotations/ICDAR2015_Train_img_784.jpg 495,120,64,21,0 567,113,88,17,0 495,137,56,18,0 561,130,58,18,0 613,127,46,18,0 660,121,56,17,0 494,155,54,15,0 529,152,16,13,0 567,148,63,18,0 629,143,41,17,0 686,137,74,18,0 404,166,26,19,0 43,180,84,52,0 223,295,93,18,0 1090,212,91,70,0
/content/drive/My Drive/textdetection/dataset/train/Annotations/ICDAR2015_Train_img_794.jpg 36,433,68,48,0 1234,472,80,75,0 725,305,21,11,0 611,320,27,8,0 666,319,75,7,0 585,338,34,12,0
/content/drive/My Drive/textdetection/dataset/train/Annotations/ICDAR2015_Train_img_476.jpg 1057,105,143,22,0 1046,168,58,13,0 1046,180,61,13,0 786,285,25,20,0 152,152,178,35,0 88,273,121,16,0 906,22,170,24,0 1055,119,83,13,0 95,287,75,10,0
/content/drive/My Drive/textdetection/dataset/train/Annotations/ICDAR2015_Train_img_598.jpg 922,106,62,34,0 583,227,94,34,0 97,269,64,31,0 1170,135,30,24,0 1212,125,36,28,0 482,249,21,12,0 525,232,52,21,0 437,280,32,14,0 636,235,45,11,0 1029,365,55,49,0
/content/drive/My Drive/textdetection/dataset/train/Annotations/ICDAR2015_Train_img_581.jpg 752,131,59,24,0 791,126,24,23,0 837,120,67,25,0 662,216,15,13,0 689,214,38,11,0 636,218,38,15,0 70,166,89,29,0
/content/drive/My Drive/textdetection/dataset/train/Annotations/ICDAR2015_Train_img_672.jpg 76,569,58,21,0 1088,234,195,63,0 1232,241,92,65,0 1125,272,102,25,0 1219,283,82,22,0 984,338,95,32,0 353,42,52,18,0 506,47,32,16,0 587,37,53,20,0
/content/drive/My Drive/textdetection/dataset/train/Annotations/ICDAR2015_Train_img_17.jpg 567,67,142,30,0 208,77,22,11,0 247,93,27,8,0
/content/drive/My Drive/textdetection/dataset/train/Annotations/ICDAR2015_Train_img_157.jpg 739,366,8,7,0 720,367,14,6,0 740,380,25,9,0 701,347,40,8,0 735,445,46,14,0 714,382,15,9,0 689,361,13,8,0 427,319,37,34,0 709,360,24,7,0 738,359,31,8,0 696,369,34,9,0 731,366,7,6,0 750,365,13,7,0 698,383,14,8,0 745,514,37,6,0 726,527,7,4,0 758,523,29,7,0 767,529,11,5,0 730,533,15,7,0 731,544,13,9,0 761,541,28,6,0 423,249,34,33,0
/content/drive/My Drive/textdetection/dataset/train/Annotations/ICDAR2015_Train_img_279.jpg 907,329,84,28,0 943,357,152,27,0 933,387,133,10,0
/content/drive/My Drive/textdetection/dataset/train/Annotations/ICDAR2015_Train_img_7.jpg 373,140,54,18,0 326,140,48,31,0 896,76,51,24,0 909,150,48,16,0 725,105,179,18,0 444,130,51,31,0 708,123,147,16,0 738,139,211,24,0 496,131,50,22,0 415,181,231,20,0 348,161,100,18,0 473,152,107,18,0 636,266,40,32,0 716,261,43,33,0 751,250,21,19,0
/content/drive/My Drive/textdetection/dataset/train/Annotations/ICDAR2015_Train_img_381.jpg 681,663,52,29,0 617,348,31,12,0 718,251,156,14,0 910,136,51,40,0 350,195,76,22,0 724,234,165,13,0 266,247,52,17,0 687,218,80,23,0 385,309,25,20,0 745,325,45,14,0 902,291,65,17,0 617,468,34,12,0 742,474,46,14,0 929,472,67,17,0 619,604,32,10,0 761,630,51,14,0 948,664,69,18,0
/content/drive/My Drive/textdetection/dataset/train/Annotations/ICDAR2015_Train_img_591.jpg 581,125,100,41,0 650,115,43,33,0 553,444,50,20,0 595,427,39,19,0 132,181,118,22,0 755,10,45,11,0
/content/drive/My Drive/textdetection/dataset/train/Annotations/ICDAR2015_Train_img_449.jpg 1210,405,113,21,0 659,492,46,26,0 863,151,153,41,0 767,231,47,36,0 813,222,43,28,0 693,167,183,37,0 440,255,151,93,0 836,101,122,32,0 872,572,128,54,0 772,260,50,17,0 819,247,45,21,0 797,279,94,22,0 782,308,53,21,0 729,510,37,24,0 597,499,58,27,0 586,525,41,26,0 655,517,36,23,0 655,544,39,26,0 724,539,39,28,0 723,569,44,30,0 825,297,40,23,0 669,120,42,14,0 732,110,80,13,0 730,127,87,15,0 372,130,49,19,0 423,296,95,35,0 370,195,36,26,0 536,215,48,33,0 545,175,23,14,0 668,321,119,18,0 511,416,49,35,0 662,453,191,18,0 597,352,39,18,0 637,292,26,14,0 655,578,194,31,0 500,527,34,26,0 386,483,32,22,0 909,549,203,18,0 852,621,59,32,0
/content/drive/My Drive/textdetection/dataset/train/Annotations/ICDAR2015_Train_img_872.jpg 529,80,91,28,0 726,46,105,30,0 532,103,162,32,0 729,68,191,31,0 535,145,172,64,0 734,119,199,64,0 600,224,103,37,0 957,287,42,21,0 1002,281,48,25,0 956,268,40,20,0 1003,259,43,21,0 629,323,82,9,0 932,392,46,18,0
/content/drive/My Drive/yolov3/dataset/train/Annotations/ICDAR2015_Train_img_176.jpg
/content/drive/My Drive/yolov3/dataset/train/Annotations/ICDAR2015_Train_img_143.jpg
/content/drive/My Drive/yolov3/dataset/train/Annotations/ICDAR2015_Train_img_638.jpg
/content/drive/My Drive/yolov3/dataset/train/Annotations/ICDAR2015_Train_img_59.jpg
/content/drive/My Drive/yolov3/dataset/train/Annotations/ICDAR2015_Train_img_351.jpg
/content/drive/My Drive/yolov3/dataset/train/Annotations/ICDAR2015_Train_img_303.jpg
/content/drive/My Drive/yolov3/dataset/train/Annotations/ICDAR2015_Train_img_909.jpg
/content/drive/My Drive/yolov3/dataset/train/Annotations/ICDAR2015_Train_img_377.jpg
/content/drive/My Drive/yolov3/dataset/train/Annotations/ICDAR2015_Train_img_371.jpg
/content/drive/My Drive/yolov3/dataset/train/Annotations/ICDAR2015_Train_img_60.jpg
/content/drive/My Drive/yolov3/dataset/train/Annotations/ICDAR2015_Train_img_431.jpg
/content/drive/My Drive/yolov3/dataset/train/Annotations/ICDAR2015_Train_img_879.jpg
/content/drive/My Drive/yolov3/dataset/train/Annotations/ICDAR2015_Train_img_509.jpg
/content/drive/My Drive/yolov3/dataset/train/Annotations/ICDAR2015_Train_img_156.jpg
/content/drive/My Drive/yolov3/dataset/train/Annotations/ICDAR2015_Train_img_59.jpg
/content/drive/My Drive/yolov3/dataset/train/Annotations/ICDAR2015_Train_img_363.jpg
/content/drive/My Drive/yolov3/dataset/train/Annotations/ICDAR2015_Train_img_924.jpg
/content/drive/My Drive/yolov3/dataset/train/Annotations/ICDAR2015_Train_img_438.jpg
/content/drive/My Drive/yolov3/dataset/train/Annotations/ICDAR2015_Train_img_86.jpg
/content/drive/My Drive/yolov3/dataset/train/Annotations/ICDAR2015_Train_img_505.jpg
/content/drive/My Drive/yolov3/dataset/train/Annotations/ICDAR2015_Train_img_453.jpg
/content/drive/My Drive/yolov3/dataset/train/Annotations/ICDAR2015_Train_img_336.jpg
/content/drive/My Drive/yolov3/dataset/train/Annotations/ICDAR2015_Train_img_248.jpg
/content/drive/My Drive/yolov3/dataset/train/Annotations/ICDAR2015_Train_img_498.jpg
/content/drive/My Drive/yolov3/dataset/train/Annotations/ICDAR2015_Train_img_262.jpg
/content/drive/My Drive/yolov3/dataset/train/Annotations/ICDAR2015_Train_img_458.jpg
/content/drive/My Drive/yolov3/dataset/train/Annotations/ICDAR2015_Train_img_984.jpg
/content/drive/My Drive/yolov3/dataset/train/Annotations/ICDAR2015_Train_img_434.jpg
/content/drive/My Drive/yolov3/dataset/train/Annotations/ICDAR2015_Train_img_805.jpg
/content/drive/My Drive/yolov3/dataset/train/Annotations/ICDAR2015_Train_img_289.jpg
/content/drive/My Drive/yolov3/dataset/train/Annotations/ICDAR2015_Train_img_362.jpg
/content/drive/My Drive/yolov3/dataset/train/Annotations/ICDAR2015_Train_img_874.jpg
/content/drive/My Drive/yolov3/dataset/train/Annotations/ICDAR2015_Train_img_864.jpg
/content/drive/My Drive/yolov3/dataset/train/Annotations/ICDAR2015_Train_img_347.jpg
/content/drive/My Drive/yolov3/dataset/train/Annotations/ICDAR2015_Train_img_131.jpg
/content/drive/My Drive/yolov3/dataset/train/Annotations/ICDAR2015_Train_img_30.jpg
/content/drive/My Drive/yolov3/dataset/train/Annotations/ICDAR2015_Train_img_184.jpg
/content/drive/My Drive/yolov3/dataset/train/Annotations/ICDAR2015_Train_img_890.jpg
/content/drive/My Drive/yolov3/dataset/train/Annotations/ICDAR2015_Train_img_377.jpg
/content/drive/My Drive/yolov3/dataset/train/Annotations/ICDAR2015_Train_img_391.jpg
/content/drive/My Drive/yolov3/dataset/train/Annotations/ICDAR2015_Train_img_79.jpg
/content/drive/My Drive/yolov3/dataset/train/Annotations/ICDAR2015_Train_img_386.jpg
/content/drive/My Drive/yolov3/dataset/train/Annotations/ICDAR2015_Train_img_246.jpg
/content/drive/My Drive/yolov3/dataset/train/Annotations/ICDAR2015_Train_img_672.jpg
/content/drive/My Drive/yolov3/dataset/train/Annotations/ICDAR2015_Train_img_549.jpg
/content/drive/My Drive/yolov3/dataset/train/Annotations/ICDAR2015_Train_img_786.jpg
/content/drive/My Drive/yolov3/dataset/train/Annotations/ICDAR2015_Train_img_853.jpg
/content/drive/My Drive/yolov3/dataset/train/Annotations/ICDAR2015_Train_img_250.jpg
/content/drive/My Drive/yolov3/dataset/train/Annotations/ICDAR2015_Train_img_112.jpg
/content/drive/My Drive/yolov3/dataset/train/Annotations/ICDAR2015_Train_img_38.jpg
/content/drive/My Drive/yolov3/dataset/train/Annotations/ICDAR2015_Train_img_793.jpg
/content/drive/My Drive/yolov3/dataset/train/Annotations/ICDAR2015_Train_img_237.jpg
/content/drive/My Drive/yolov3/dataset/train/Annotations/ICDAR2015_Train_img_464.jpg
/content/drive/My Drive/yolov3/dataset/train/Annotations/ICDAR2015_Train_img_575.jpg
/content/drive/My Drive/yolov3/dataset/train/Annotations/ICDAR2015_Train_img_218.jpg
/content/drive/My Drive/yolov3/dataset/train/Annotations/ICDAR2015_Train_img_34.jpg
/content/drive/My Drive/yolov3/dataset/train/Annotations/ICDAR2015_Train_img_306.jpg
/content/drive/My Drive/yolov3/dataset/train/Annotations/ICDAR2015_Train_img_211.jpg
/content/drive/My Drive/yolov3/dataset/train/Annotations/ICDAR2015_Train_img_882.jpg
/content/drive/My Drive/yolov3/dataset/train/Annotations/ICDAR2015_Train_img_275.jpg
/content/drive/My Drive/yolov3/dataset/train/Annotations/ICDAR2015_Train_img_97.jpg
/content/drive/My Drive/yolov3/dataset/train/Annotations/ICDAR2015_Train_img_354.jpg
/content/drive/My Drive/yolov3/dataset/train/Annotations/ICDAR2015_Train_img_886.jpg
/content/drive/My Drive/yolov3/dataset/train/Annotations/ICDAR2015_Train_img_234.jpg
/content/drive/My Drive/yolov3/dataset/train/Annotations/ICDAR2015_Train_img_317.jpg
/content/drive/My Drive/yolov3/dataset/train/Annotations/ICDAR2015_Train_img_236.jpg
/content/drive/My Drive/yolov3/dataset/train/Annotations/ICDAR2015_Train_img_367.jpg
/content/drive/My Drive/yolov3/dataset/train/Annotations/ICDAR2015_Train_img_846.jpg
/content/drive/My Drive/yolov3/dataset/train/Annotations/ICDAR2015_Train_img_866.jpg
/content/drive/My Drive/yolov3/dataset/train/Annotations/ICDAR2015_Train_img_4.jpg
/content/drive/My Drive/yolov3/dataset/train/Annotations/ICDAR2015_Train_img_296.jpg
/content/drive/My Drive/yolov3/dataset/train/Annotations/ICDAR2015_Train_img_321.jpg
/content/drive/My Drive/yolov3/dataset/train/Annotations/ICDAR2015_Train_img_133.jpg
/content/drive/My Drive/yolov3/dataset/train/Annotations/ICDAR2015_Train_img_375.jpg
/content/drive/My Drive/yolov3/dataset/train/Annotations/ICDAR2015_Train_img_135.jpg
/content/drive/My Drive/yolov3/dataset/train/Annotations/ICDAR2015_Train_img_610.jpg
/content/drive/My Drive/yolov3/dataset/train/Annotations/ICDAR2015_Train_img_616.jpg
/content/drive/My Drive/yolov3/dataset/train/Annotations/ICDAR2015_Train_img_454.jpg
/content/drive/My Drive/yolov3/dataset/train/Annotations/ICDAR2015_Train_img_299.jpg
/content/drive/My Drive/yolov3/dataset/train/Annotations/ICDAR2015_Train_img_764.jpg
/content/drive/My Drive/yolov3/dataset/train/Annotations/ICDAR2015_Train_img_743.jpg
/content/drive/My Drive/yolov3/dataset/train/Annotations/ICDAR2015_Train_img_969.jpg
/content/drive/My Drive/yolov3/dataset/train/Annotations/ICDAR2015_Train_img_984.jpg
/content/drive/My Drive/yolov3/dataset/train/Annotations/ICDAR2015_Train_img_167.jpg
/content/drive/My Drive/yolov3/dataset/train/Annotations/ICDAR2015_Train_img_836.jpg
/content/drive/My Drive/yolov3/dataset/train/Annotations/ICDAR2015_Train_img_494.jpg
/content/drive/My Drive/yolov3/dataset/train/Annotations/ICDAR2015_Train_img_743.jpg
/content/drive/My Drive/yolov3/dataset/train/Annotations/ICDAR2015_Train_img_662.jpg
/content/drive/My Drive/yolov3/dataset/train/Annotations/ICDAR2015_Train_img_4.jpg
/content/drive/My Drive/yolov3/dataset/train/Annotations/ICDAR2015_Train_img_99.jpg
/content/drive/My Drive/yolov3/dataset/train/Annotations/ICDAR2015_Train_img_71.jpg
/content/drive/My Drive/yolov3/dataset/train/Annotations/ICDAR2015_Train_img_599.jpg
/content/drive/My Drive/yolov3/dataset/train/Annotations/ICDAR2015_Train_img_256.jpg
/content/drive/My Drive/yolov3/dataset/train/Annotations/ICDAR2015_Train_img_848.jpg
/content/drive/My Drive/yolov3/dataset/train/Annotations/ICDAR2015_Train_img_202.jpg
/content/drive/My Drive/yolov3/dataset/train/Annotations/ICDAR2015_Train_img_732.jpg
/content/drive/My Drive/yolov3/dataset/train/Annotations/ICDAR2015_Train_img_615.jpg
/content/drive/My Drive/yolov3/dataset/train/Annotations/ICDAR2015_Train_img_183.jpg
/content/drive/My Drive/yolov3/dataset/train/Annotations/ICDAR2015_Train_img_701.jpg
/content/drive/My Drive/yolov3/dataset/train/Annotations/ICDAR2015_Train_img_302.jpg
/content/drive/My Drive/yolov3/dataset/train/Annotations/ICDAR2015_Train_img_845.jpg
/content/drive/My Drive/yolov3/dataset/train/Annotations/ICDAR2015_Train_img_856.jpg
/content/drive/My Drive/yolov3/dataset/train/Annotations/ICDAR2015_Train_img_631.jpg
/content/drive/My Drive/yolov3/dataset/train/Annotations/ICDAR2015_Train_img_672.jpg
/content/drive/My Drive/yolov3/dataset/train/Annotations/ICDAR2015_Train_img_924.jpg
/content/drive/My Drive/yolov3/dataset/train/Annotations/ICDAR2015_Train_img_998.jpg
/content/drive/My Drive/yolov3/dataset/train/Annotations/ICDAR2015_Train_img_1000.jpg
/content/drive/My Drive/yolov3/dataset/train/Annotations/ICDAR2015_Train_img_56.jpg
/content/drive/My Drive/yolov3/dataset/train/Annotations/ICDAR2015_Train_img_382.jpg
/content/drive/My Drive/yolov3/dataset/train/Annotations/ICDAR2015_Train_img_867.jpg
/content/drive/My Drive/yolov3/dataset/train/Annotations/ICDAR2015_Train_img_25.jpg
/content/drive/My Drive/yolov3/dataset/train/Annotations/ICDAR2015_Train_img_60.jpg
/content/drive/My Drive/yolov3/dataset/train/Annotations/ICDAR2015_Train_img_140.jpg
/content/drive/My Drive/yolov3/dataset/train/Annotations/ICDAR2015_Train_img_18.jpg
/content/drive/My Drive/yolov3/dataset/train/Annotations/ICDAR2015_Train_img_594.jpg
/content/drive/My Drive/yolov3/dataset/train/Annotations/ICDAR2015_Train_img_388.jpg
/content/drive/My Drive/yolov3/dataset/train/Annotations/ICDAR2015_Train_img_112.jpg
/content/drive/My Drive/yolov3/dataset/train/Annotations/ICDAR2015_Train_img_413.jpg
/content/drive/My Drive/yolov3/dataset/train/Annotations/ICDAR2015_Train_img_692.jpg
/content/drive/My Drive/yolov3/dataset/train/Annotations/ICDAR2015_Train_img_239.jpg
/content/drive/My Drive/yolov3/dataset/train/Annotations/ICDAR2015_Train_img_820.jpg
/content/drive/My Drive/yolov3/dataset/train/Annotations/ICDAR2015_Train_img_626.jpg
/content/drive/My Drive/yolov3/dataset/train/Annotations/ICDAR2015_Train_img_605.jpg
/content/drive/My Drive/yolov3/dataset/train/Annotations/ICDAR2015_Train_img_28.jpg

/content/drive/My Drive/yolov3/dataset/train/Annotations/ICDAR2015_Train_img_869.jpg
/content/drive/My Drive/yolov3/dataset/train/Annotations/ICDAR2015_Train_img_324.jpg
/content/drive/My Drive/yolov3/dataset/train/Annotations/ICDAR2015_Train_img_391.jpg
/content/drive/My Drive/yolov3/dataset/train/Annotations/ICDAR2015_Train_img_145.jpg
/content/drive/My Drive/yolov3/dataset/train/Annotations/ICDAR2015_Train_img_127.jpg
/content/drive/My Drive/yolov3/dataset/train/Annotations/ICDAR2015_Train_img_353.jpg
/content/drive/My Drive/yolov3/dataset/train/Annotations/ICDAR2015_Train_img_666.jpg
/content/drive/My Drive/yolov3/dataset/train/Annotations/ICDAR2015_Train_img_784.jpg
/content/drive/My Drive/yolov3/dataset/train/Annotations/ICDAR2015_Train_img_589.jpg
/content/drive/My Drive/yolov3/dataset/train/Annotations/ICDAR2015_Train_img_698.jpg
/content/drive/My Drive/yolov3/dataset/train/Annotations/ICDAR2015_Train_img_876.jpg
/content/drive/My Drive/yolov3/dataset/train/Annotations/ICDAR2015_Train_img_663.jpg
/content/drive/My Drive/yolov3/dataset/train/Annotations/ICDAR2015_Train_img_98.jpg
/content/drive/My Drive/yolov3/dataset/train/Annotations/ICDAR2015_Train_img_498.jpg
/content/drive/My Drive/yolov3/dataset/train/Annotations/ICDAR2015_Train_img_956.jpg
/content/drive/My Drive/yolov3/dataset/train/Annotations/ICDAR2015_Train_img_692.jpg
/content/drive/My Drive/yolov3/dataset/train/Annotations/ICDAR2015_Train_img_559.jpg
/content/drive/My Drive/yolov3/dataset/train/Annotations/ICDAR2015_Train_img_894.jpg
/content/drive/My Drive/yolov3/dataset/train/Annotations/ICDAR2015_Train_img_995.jpg
/content/drive/My Drive/yolov3/dataset/train/Annotations/ICDAR2015_Train_img_11.jpg
/content/drive/My Drive/yolov3/dataset/train/Annotations/ICDAR2015_Train_img_223.jpg
/content/drive/My Drive/yolov3/dataset/train/Annotations/ICDAR2015_Train_img_737.jpg
/content/drive/My Drive/yolov3/dataset/train/Annotations/ICDAR2015_Train_img_895.jpg
/content/drive/My Drive/yolov3/dataset/train/Annotations/ICDAR2015_Train_img_417.jpg
/content/drive/My Drive/yolov3/dataset/train/Annotations/ICDAR2015_Train_img_840.jpg
