1684,296,1958,195,1977,246,1702,347
32,831,246,840,244,886,30,877
1475,597,1933,506,1949,587,1492,678
579,1071,719,1074,717,1146,578,1143
2159,898,2269,890,2272,929,2162,937
1286,1154,1411,1152,1412,1187,1287,1189
1594,720,1781,692,1787,729,1599,757
590,966,740,963,742,1022,591,1026
1095,937,1276,939,1276,982,1095,981
624,1037,706,1035,707,1059,625,1061
920,1180,1119,1179,1119,1210,920,1211
2489,117,2563,146,2548,184,2474,155
1511,970,1707,968,1708,1007,1512,1009
1029,1366,1106,1381,1102,1404,1024,1388
1692,421,1836,375,1844,402,1701,448
920,991,1104,994,1103,1038,920,1036
2170,938,2260,931,2261,947,2172,954
916,929,1113,929,1113,975,916,975
1137,997,1337,999,1336,1045,1137,1043
1623,704,1735,680,1739,698,1626,722
1232,1053,1397,1052,1397,1093,1232,1094
917,1056,1091,1055,1092,1099,917,1100
1912,954,2028,952,2028,984,1912,986
1800,957,1908,955,1909,989,1801,990
2349,855,2426,863,2424,885,2347,877
106,961,170,959,170,983,107,985
1157,1055,1229,1054,1229,1094,1158,1095
1790,673,1838,665,1841,682,1793,690
686,552,764,537,768,557,689,572
1284,952,1349,951,1350,987,1285,988
1749,374,1789,358,1795,372,1754,387
2166,1138,2206,1139,2205,1162,2165,1161
1696,376,1739,361,1745,376,1701,391
1639,611,1891,584,1895,622,1643,649
718,623,759,616,762,634,722,642
1865,314,1914,297,1920,313,1871,330
1757,680,1795,673,1798,689,1761,696
1606,406,1668,388,1673,404,1611,422
1098,1062,1153,1061,1154,1097,1098,1098
1782,360,1833,341,1839,357,1788,376
1964,276,2015,261,2020,279,1969,294
1449,527,1504,506,1508,518,1454,538
1815,333,1877,310,1883,326,1821,349
1745,360,1779,348,1784,363,1750,374
643,705,680,707,679,734,642,732
1765,350,1834,327,1839,342,1770,365
1663,388,1711,371,1717,385,1668,402
1925,293,1965,279,1971,295,1930,309
721,567,756,563,758,580,723,583
1337,1008,1381,1008,1381,1038,1337,1038
1668,401,1720,385,1725,399,1672,415
686,633,716,626,720,644,690,652
1704,388,1760,369,1765,384,1709,403
1825,345,1866,331,1872,347,1830,360
693,576,720,572,722,589,696,593
678,709,704,709,704,733,678,733
1912,311,1949,301,1954,318,1916,328
1872,325,1916,313,1921,330,1877,343
